timeStamp eulerX eulerY eulerZ angVelX angVelY angVelZ accX accY accZ gyroX gyroY gyroZ magX magY magZ 
5.01999998092651,0,0,0,0,0,0,0,0,-16384,0,0,0,7372.8,0,0,
5.03999996185303,0,0,0,0,0,0,0,0,-16384,0,0,0,7372.8,0,0,
5.05999994277954,0,0,0,0,0,0,0,0,-16384,0,0,0,7372.8,0,0,
5.07999992370605,0,0,0,0,0,0,0,0,-16384,0,0,0,7372.8,0,0,
5.09999990463257,0,0,0,0,0,0,0,0,-16384,0,0,0,7372.8,0,0,
5.11999988555908,0,0,0,0,0,0,0,0,-16384,0,0,0,7372.8,0,0,
5.1399998664856,0,0,0,0,0,0,0,0,-16384,0,0,0,7372.8,0,0,
5.15999984741211,0,0,0,0,0,0,0,0,-16384,0,0,0,7372.8,0,0,
5.17999982833862,0,0,0,0,0,0,0,0,-16384,0,0,0,7372.8,0,0,
5.19999980926514,0,0,0,0,0,0,0,0,-16384,0,0,0,7372.8,0,0,
5.21999979019165,0,0,0,0,0,0,0,0,-16384,0,0,0,7372.8,0,0,
5.23999977111816,0,0,0,0,0,0,0,0,-16384,0,0,0,7372.8,0,0,
5.25999975204468,0,0,0,0,0,0,0,0,-16384,0,0,0,7372.8,0,0,
5.27999973297119,0,0,0,0,0,0,0,0,-16384,0,0,0,7372.8,0,0,
5.29999971389771,0,0,0,0,0,0,0,0,-16384,0,0,0,7372.8,0,0,
5.31999969482422,0,0,0,0,0,0,0,0,-16384,0,0,0,7372.8,0,0,
5.33999967575073,0,0,0,0,0,0,0,0,-16384,0,0,0,7372.8,0,0,
5.35999965667725,0,0,0,0,0,0,0,0,-16384,0,0,0,7372.8,0,0,
5.38000011444092,0,0,0,0,0,0,0,0,-16384,0,0,0,7372.8,0,0,
5.40000009536743,0,0,0,0,0,0,0,0,-16384,0,0,0,7372.8,0,0,
5.42000007629395,0,0,0,0,0,0,0,0,-16384,0,0,0,7372.8,0,0,
5.44000005722046,0,0,0,0,0,0,0,0,-16384,0,0,0,7372.8,0,0,
5.46000003814697,0,0,0,0,0,0,0,0,-16384,0,0,0,7372.8,0,0,
5.48000001907349,0,0,0,0,0,0,0,0,-16384,0,0,0,7372.8,0,0,
5.5,0,0,0,0,0,0,0,0,-16384,0,0,0,7372.8,0,0,
5.51999998092651,0,0,0,0,0,0,0,0,-16384,0,0,0,7372.8,0,0,
5.53999996185303,0,0,0,0,0,0,0,0,-16384,0,0,0,7372.8,0,0,
5.55999994277954,0,0,0,0,0,0,0,0,-16384,0,0,0,7372.8,0,0,
5.57999992370605,0,0,0,0,0,0,0,0,-16384,0,0,0,7372.8,0,0,
5.59999990463257,0,0,0,0,0,0,0,0,-16384,0,0,0,7372.8,0,0,
5.61999988555908,0,0,0,0,0,0,0,0,-16384,0,0,0,7372.8,0,0,
5.6399998664856,0,0,0,0,0,0,0,0,-16384,0,0,0,7372.8,0,0,
5.65999984741211,0,0,0,0,0,0,0,0,-16384,0,0,0,7372.8,0,0,
5.67999982833862,0,0,0,0,0,0,0,0,-16384,0,0,0,7372.8,0,0,
5.69999980926514,0,0,0,0,0,0,0,0,-16384,0,0,0,7372.8,0,0,
5.71999979019165,0,0,0,0,0,0,0,0,-16384,0,0,0,7372.8,0,0,
5.73999977111816,0,0,0,0,0,0,0,0,-16384,0,0,0,7372.8,0,0,
5.75999975204468,0,0,0,0,0,0,0,0,-16384,0,0,0,7372.8,0,0,
5.77999973297119,0,0,0,0,0,0,0,0,-16384,0,0,0,7372.8,0,0,
5.79999971389771,0,0,0,0,0,0,0,0,-16384,0,0,0,7372.8,0,0,
5.81999969482422,0,0,0,0,0,0,0,0,-16384,0,0,0,7372.8,0,0,
5.83999967575073,0,0,0,0,0,0,0,0,-16384,0,0,0,7372.8,0,0,
5.85999965667725,0,0,0,0,0,0,0,0,-16384,0,0,0,7372.8,0,0,
5.87999963760376,0,0,0,0,0,0,0,0,-16384,0,0,0,7372.8,0,0,
5.90000009536743,0,0,0,0,0,0,0,0,-16384,0,0,0,7372.8,0,0,
5.92000007629395,0,0,0,0,0,0,0,0,-16384,0,0,0,7372.8,0,0,
5.94000005722046,0,0,0,0,0,0,0,0,-16384,0,0,0,7372.8,0,0,
5.96000003814697,0,0,0,0,0,0,0,0,-16384,0,0,0,7372.8,0,0,
5.98000001907349,0,0,0,0,0,0,0,0,-16384,0,0,0,7372.8,0,0,
6,0,0,0,0,0,0,0,0,-16384,0,0,0,7372.8,0,0,
6.01999998092651,0,0,0,0,0,0,0,0,-16384,0,0,0,7372.8,0,0,
6.03999996185303,0,0,0,0,0,0,0,0,-16384,0,0,0,7372.8,0,0,
6.05999994277954,0,0,0,0,0,0,0,0,-16384,0,0,0,7372.8,0,0,
6.07999992370605,0,0,0,0,0,0,0,0,-16384,0,0,0,7372.8,0,0,
6.09999990463257,0,0,0,0,0,0,0,0,-16384,0,0,0,7372.8,0,0,
6.11999988555908,0,0,0,0,0,0,0,0,-16384,0,0,0,7372.8,0,0,
6.1399998664856,0,0,0,0,0,0,0,0,-16384,0,0,0,7372.8,0,0,
6.15999984741211,0,0,0,0,0,0,0,0,-16384,0,0,0,7372.8,0,0,
6.17999982833862,0,0,0,0,0,0,0,0,-16384,0,0,0,7372.8,0,0,
6.19999980926514,0,0,0,0,0,0,0,0,-16384,0,0,0,7372.8,0,0,
6.21999979019165,0,0,0,0.006596188,0,0,0,0,-16384,49.53653,0,0,7372.8,0,0,
6.23999977111816,0.007537842,0,0,0.01107949,0,0,0,-2.159277,-16384,83.20558,0,0,7372.8,0,0,
6.25999975204468,0.02023315,0,0,0.01529617,0,0,0,-5.786176,-16384,114.8723,0,0,7372.8,0,0,
6.27999973297119,0.03775024,0,0,0.02213944,0,0,0,-10.79341,-16384,166.2644,0,0,7372.8,0,0,
6.29999971389771,0.06307983,0,0,0.02634355,0,0,0,-18.04081,-16383.99,197.8367,0,0,7372.8,0,0,
6.31999969482422,0.09326172,0,0,0.03316035,0,0,0,-26.66442,-16383.98,249.03,0,0,7372.8,0,0,
6.33999967575073,0.1311951,0,0,0.03760566,0,0,0,-37.51952,-16383.96,282.4137,0,0,7372.8,0,0,
6.35999965667725,0.1742554,0,0,0.04151901,0,0,0,-49.82978,-16383.92,311.8025,0,0,7372.8,0,0,
6.37999963760376,0.2218018,0,0,0.0482795,0,0,0,-63.42104,-16383.88,362.5729,0,0,7372.8,0,0,
6.39999961853027,0.2770691,0,0,0.05242388,0,0,0,-79.2253,-16383.81,393.6966,0,0,7372.8,0,0,
6.42000007629395,0.3370667,0,0,0.05990062,0,0,0,-96.38612,-16383.72,449.846,0,0,7372.8,0,0,
6.44000005722046,0.4056396,0,0,0.06323628,0,0,0,-115.9943,-16383.59,474.8964,0,0,7372.8,0,0,
6.46000003814697,0.4780273,0,0,0.06758209,0,0,0,-136.6943,-16383.43,507.5329,0,0,7372.8,0,0,
6.48000001907349,0.5553894,0,0,0.07393716,0,0,0,-158.8165,-16383.23,555.2586,0,0,7372.8,0,0,
6.5,0.6400452,0,0,0.07823244,0,0,0,-183.0187,-16382.98,587.5157,0,0,7372.8,0,0,
6.51999998092651,0.7295837,0,0,0.08450763,0,0,0,-208.6264,-16382.67,634.6415,0,0,7372.8,0,0,
6.53999996185303,0.826355,0,0,0.08849628,0,0,0,-236.2876,-16382.3,664.5957,0,0,7372.8,0,0,
6.55999994277954,0.9276428,0,0,0.09270936,0,0,0,-265.2537,-16381.85,696.2354,0,0,7372.8,0,0,
6.57999992370605,1.033783,0,0,0.09885606,0,0,0,-295.5979,-16381.33,742.3964,0,0,7372.8,0,0,
6.59999990463257,1.146942,0,0,0.1027578,0,0,0,-327.9528,-16380.72,771.6977,0,0,7372.8,0,0,
6.61999988555908,1.264587,0,0,0.1088011,0,0,0,-361.5833,-16380.01,817.0827,0,0,7372.8,0,0,
6.6399998664856,1.38913,0,0,0.112872,0,0,0,-397.19,-16379.18,847.6545,0,0,7372.8,0,0,
6.65999984741211,1.518341,0,0,0.1169103,0,0,0,-434.127,-16378.25,877.9814,0,0,7372.8,0,0,
6.67999982833862,1.652191,0,0,0.1225536,0,0,0,-472.3832,-16377.19,920.3618,0,0,7372.8,0,0,
6.69999980926514,1.79248,0,0,0.1265084,0,0,0,-512.4833,-16375.98,950.062,0,0,7372.8,0,0,
6.71999979019165,1.937286,0,0,0.1322576,0,0,0,-553.8743,-16374.63,993.2374,0,0,7372.8,0,0,
6.73999977111816,2.088715,0,0,0.13612,0,0,0,-597.1423,-16373.11,1022.244,0,0,7372.8,0,0,
6.75999975204468,2.244537,0,0,0.1397193,0,0,0,-641.6696,-16371.43,1049.274,0,0,7372.8,0,0,
6.77999973297119,2.40448,0,0,0.1452713,0,0,0,-687.3694,-16369.58,1090.969,0,0,7372.8,0,0,
6.79999971389771,2.57077,0,0,0.1492127,0,0,0,-734.8795,-16367.51,1120.569,0,0,7372.8,0,0,
6.81999969482422,2.741577,0,0,0.1546064,0,0,0,-783.6722,-16365.25,1161.075,0,0,7372.8,0,0,
6.83999967575073,2.918579,0,0,0.1580079,0,0,0,-834.2213,-16362.75,1186.619,0,0,7372.8,0,0,
6.85999965667725,3.099457,0,0,0.1615777,0,0,0,-885.8741,-16360.03,1213.428,0,0,7372.8,0,0,
6.87999963760376,3.284424,0,0,0.1667421,0,0,0,-938.6848,-16357.09,1252.212,0,0,7372.8,0,0,
6.89999961853027,3.475311,0,0,0.1699929,0,0,0,-993.1732,-16353.87,1276.625,0,0,7372.8,0,0,
6.92000007629395,3.669922,0,0,0.1751823,0,0,0,-1048.713,-16350.4,1315.596,0,0,7372.8,0,0,
6.94000005722046,3.870453,0,0,0.1783171,0,0,0,-1105.935,-16346.63,1339.139,0,0,7372.8,0,0,
6.96000003814697,4.074585,0,0,0.1814062,0,0,0,-1164.167,-16342.59,1362.338,0,0,7372.8,0,0,
6.98000001907349,4.282257,0,0,0.1861398,0,0,0,-1223.393,-16338.26,1397.886,0,0,7372.8,0,0,
7,4.495361,0,0,0.1894761,0,0,0,-1284.148,-16333.6,1422.941,0,0,7372.8,0,0,
7.01999998092651,4.71225,0,0,0.1938288,0,0,0,-1345.973,-16328.62,1455.629,0,0,7372.8,0,0,
7.03999996185303,4.934143,0,0,0.1984181,0,0,0,-1409.199,-16323.28,1490.095,0,0,7372.8,0,0,
7.05999994277954,5.161285,0,0,0.1998034,0,0,0,-1473.899,-16317.57,1500.498,0,0,7372.8,0,0,
7.07999992370605,5.390015,0,0,0.2038822,0,0,0,-1539.028,-16311.56,1531.129,0,0,7372.8,0,0,
7.09999990463257,5.623413,0,0,0.2067004,0,0,0,-1605.462,-16305.15,1552.293,0,0,7372.8,0,0,
7.11999988555908,5.860046,0,0,0.2108947,0,0,0,-1672.786,-16298.38,1583.792,0,0,7372.8,0,0,
7.1399998664856,6.101471,0,0,0.2134052,0,0,0,-1741.447,-16291.19,1602.646,0,0,7372.8,0,0,
7.15999984741211,6.345764,0,0,0.2158611,0,0,0,-1810.894,-16283.62,1621.089,0,0,7372.8,0,0,
7.17999982833862,6.592865,0,0,0.2195874,0,0,0,-1881.107,-16275.65,1649.074,0,0,7372.8,0,0,
7.19999980926514,6.844238,0,0,0.2221856,0,0,0,-1952.495,-16267.24,1668.585,0,0,7372.8,0,0,
7.21999979019165,7.098602,0,0,0.2255377,0,0,0,-2024.69,-16258.42,1693.759,0,0,7372.8,0,0,
7.23999977111816,7.356781,0,0,0.2278336,0,0,0,-2097.934,-16249.13,1711.001,0,0,7372.8,0,0,
7.25999975204468,7.617615,0,0,0.2300637,0,0,0,-2171.88,-16239.41,1727.749,0,0,7372.8,0,0,
7.27999973297119,7.880981,0,0,0.2332222,0,0,0,-2246.504,-16229.25,1751.469,0,0,7372.8,0,0,
7.29999971389771,8.14798,0,0,0.2352869,0,0,0,-2322.104,-16218.61,1766.974,0,0,7372.8,0,0,
7.31999969482422,8.417328,0,0,0.2381995,0,0,0,-2398.323,-16207.51,1788.848,0,0,7372.8,0,0,
7.33999967575073,8.690002,0,0,0.2399855,0,0,0,-2475.43,-16195.92,1802.261,0,0,7372.8,0,0,
7.35999965667725,8.964722,0,0,0.2418159,0,0,0,-2553.06,-16183.86,1816.006,0,0,7372.8,0,0,
7.37999963760376,9.241547,0,0,0.2443805,0,0,0,-2631.222,-16171.34,1835.266,0,0,7372.8,0,0,
7.39999961853027,9.521301,0,0,0.2460373,0,0,0,-2710.15,-16158.3,1847.708,0,0,7372.8,0,0,
7.41999959945679,9.802979,0,0,0.2483444,0,0,0,-2789.548,-16144.78,1865.035,0,0,7372.8,0,0,
7.44000005722046,10.08725,0,0,0.2498247,0,0,0,-2869.623,-16130.74,1876.152,0,0,7372.8,0,0,
7.46000003814697,10.37326,0,0,0.251152,0,0,0,-2950.103,-16116.21,1886.119,0,0,7372.8,0,0,
7.48000001907349,10.66077,0,0,0.253097,0,0,0,-3030.937,-16101.21,1900.726,0,0,7372.8,0,0,
7.5,10.9505,0,0,0.2542589,0,0,0,-3112.319,-16085.67,1909.452,0,0,7372.8,0,0,
7.51999998092651,11.24158,0,0,0.256008,0,0,0,-3193.996,-16069.66,1922.587,0,0,7372.8,0,0,
7.53999996185303,11.53464,0,0,0.2569984,0,0,0,-3276.151,-16053.11,1930.025,0,0,7372.8,0,0,
7.55999994277954,11.82886,0,0,0.2579787,0,0,0,-3358.538,-16036.07,1937.387,0,0,7372.8,0,0,
7.57999992370605,12.12418,0,0,0.2592847,0,0,0,-3441.149,-16018.55,1947.195,0,0,7372.8,0,0,
7.59999990463257,12.42099,0,0,0.2600802,0,0,0,-3524.086,-16000.51,1953.169,0,0,7372.8,0,0,
7.61999988555908,12.71872,0,0,0.2610754,0,0,0,-3607.184,-15981.98,1960.643,0,0,7372.8,0,0,
7.6399998664856,13.01761,0,0,0.2616894,0,0,0,-3690.501,-15962.95,1965.254,0,0,7372.8,0,0,
7.65999984741211,13.31717,0,0,0.2622277,0,0,0,-3773.914,-15943.43,1969.297,0,0,7372.8,0,0,
7.67999982833862,13.61737,0,0,0.2628816,0,0,0,-3857.395,-15923.44,1974.208,0,0,7372.8,0,0,
7.69999980926514,13.9183,0,0,0.263214,0,0,0,-3940.977,-15902.96,1976.703,0,0,7372.8,0,0,
7.71999979019165,14.21964,0,0,0.2635983,0,0,0,-4024.556,-15882.02,1979.59,0,0,7372.8,0,0,
7.73999977111816,14.52139,0,0,0.2637656,0,0,0,-4108.145,-15860.6,1980.846,0,0,7372.8,0,0,
7.75999975204468,14.82333,0,0,0.2638566,0,0,0,-4191.674,-15838.73,1981.53,0,0,7372.8,0,0,
7.77999973297119,15.1254,0,0,0.263852,0,0,0,-4275.116,-15816.41,1981.495,0,0,7372.8,0,0,
7.79999971389771,15.42743,0,0,0.2637547,0,0,0,-4358.435,-15793.65,1980.764,0,0,7372.8,0,0,
7.81999969482422,15.72937,0,0,0.263473,0,0,0,-4441.604,-15770.47,1978.649,0,0,7372.8,0,0,
7.83999967575073,16.03098,0,0,0.2632064,0,0,0,-4524.561,-15746.87,1976.646,0,0,7372.8,0,0,
7.85999965667725,16.33231,0,0,0.2628492,0,0,0,-4607.308,-15722.86,1973.964,0,0,7372.8,0,0,
7.87999963760376,16.63321,0,0,0.2621861,0,0,0,-4689.816,-15698.44,1968.984,0,0,7372.8,0,0,
7.89999961853027,16.93335,0,0,0.2616756,0,0,0,-4771.987,-15673.66,1965.15,0,0,7372.8,0,0,
7.91999959945679,17.23291,0,0,0.2610213,0,0,0,-4853.868,-15648.5,1960.236,0,0,7372.8,0,0,
7.94000005722046,17.53171,0,0,0.2600173,0,0,0,-4935.411,-15622.97,1952.697,0,0,7372.8,0,0,
7.96000003814697,17.82938,0,0,0.2592155,0,0,0,-5016.507,-15597.12,1946.675,0,0,7372.8,0,0,
7.98000001907349,18.1261,0,0,0.2579004,0,0,0,-5097.218,-15570.93,1936.799,0,0,7372.8,0,0,
8,18.42136,0,0,0.256914,0,0,0,-5177.385,-15544.46,1929.391,0,0,7372.8,0,0,
8.01999950408936,18.71545,0,0,0.2553287,0,0,0,-5257.109,-15517.68,1917.486,0,0,7372.8,0,0,
8.03999996185303,19.00775,0,0,0.2542302,0,0,0,-5336.203,-15490.66,1909.236,0,0,7372.8,0,0,
8.05999946594238,19.29877,0,0,0.2529918,0,0,0,-5414.819,-15463.35,1899.936,0,0,7372.8,0,0,
8.07999992370605,19.58841,0,0,0.2510379,0,0,0,-5492.913,-15435.78,1885.263,0,0,7372.8,0,0,
8.09999942779541,19.87576,0,0,0.2496196,0,0,0,-5570.265,-15408.04,1874.611,0,0,7372.8,0,0,
8.11999988555908,20.16153,0,0,0.2474029,0,0,0,-5647.041,-15380.06,1857.964,0,0,7372.8,0,0,
8.13999938964844,20.44476,0,0,0.2459029,0,0,0,-5722.997,-15351.96,1846.7,0,0,7372.8,0,0,
8.15999984741211,20.72626,0,0,0.2442403,0,0,0,-5798.354,-15323.66,1834.213,0,0,7372.8,0,0,
8.17999935150146,21.00586,0,0,0.2416671,0,0,0,-5873.063,-15295.18,1814.889,0,0,7372.8,0,0,
8.19999980926514,21.2825,0,0,0.239941,0,0,0,-5946.847,-15266.65,1801.926,0,0,7372.8,0,0,
8.22000026702881,21.55719,0,0,0.2370051,0,0,0,-6019.967,-15237.96,1779.878,0,0,7372.8,0,0,
8.23999977111816,21.82849,0,0,0.2351187,0,0,0,-6092.057,-15209.28,1765.711,0,0,7372.8,0,0,
8.26000022888184,22.09766,0,0,0.2330484,0,0,0,-6163.437,-15180.5,1750.164,0,0,7372.8,0,0,
8.27999973297119,22.36444,0,0,0.2298817,0,0,0,-6234.055,-15151.63,1726.382,0,0,7372.8,0,0,
8.30000019073486,22.62759,0,0,0.2277795,0,0,0,-6303.581,-15122.84,1710.595,0,0,7372.8,0,0,
8.31999969482422,22.88837,0,0,0.2242393,0,0,0,-6372.34,-15094,1684.008,0,0,7372.8,0,0,
8.34000015258789,23.14505,0,0,0.2219852,0,0,0,-6439.902,-15065.29,1667.08,0,0,7372.8,0,0,
8.35999965667725,23.39917,0,0,0.219528,0,0,0,-6506.657,-15036.58,1648.627,0,0,7372.8,0,0,
8.38000011444092,23.65048,0,0,0.2157993,0,0,0,-6572.546,-15007.9,1620.625,0,0,7372.8,0,0,
8.39999961853027,23.89752,0,0,0.2133421,0,0,0,-6637.194,-14979.42,1602.172,0,0,7372.8,0,0,
8.42000007629395,24.14175,0,0,0.2092329,0,0,0,-6700.985,-14951,1571.312,0,0,7372.8,0,0,
8.4399995803833,24.38129,0,0,0.2066337,0,0,0,-6763.428,-14922.85,1551.792,0,0,7372.8,0,0,
8.46000003814697,24.61783,0,0,0.2038141,0,0,0,-6824.98,-14894.8,1530.618,0,0,7372.8,0,0,
8.47999954223633,24.85117,0,0,0.1995608,0,0,0,-6885.578,-14866.88,1498.676,0,0,7372.8,0,0,
8.5,25.07959,0,0,0.1967731,0,0,0,-6944.801,-14839.31,1477.74,0,0,7372.8,0,0,
8.51999950408936,25.30487,0,0,0.1923167,0,0,0,-7003.088,-14811.89,1444.274,0,0,7372.8,0,0,
8.53999996185303,25.52502,0,0,0.1892175,0,0,0,-7059.951,-14784.88,1420.999,0,0,7372.8,0,0,
8.55999946594238,25.74164,0,0,0.1860637,0,0,0,-7115.796,-14758.08,1397.315,0,0,7372.8,0,0,
8.57999992370605,25.95462,0,0,0.1813283,0,0,0,-7170.61,-14731.52,1361.752,0,0,7372.8,0,0,
8.59999942779541,26.1622,0,0,0.1782379,0,0,0,-7223.934,-14705.45,1338.544,0,0,7372.8,0,0,
8.61999988555908,26.36624,0,0,0.1747068,0,0,0,-7276.257,-14679.63,1312.026,0,0,7372.8,0,0,
8.63999938964844,26.56625,0,0,0.1699108,0,0,0,-7327.454,-14654.14,1276.009,0,0,7372.8,0,0,
8.65999984741211,26.76074,0,0,0.1664543,0,0,0,-7377.161,-14629.18,1250.05,0,0,7372.8,0,0,
8.67999935150146,26.95129,0,0,0.161284,0,0,0,-7425.771,-14604.57,1211.222,0,0,7372.8,0,0,
8.69999980926514,27.13593,0,0,0.1577105,0,0,0,-7472.795,-14580.56,1184.385,0,0,7372.8,0,0,
8.72000026702881,27.31647,0,0,0.1523727,0,0,0,-7518.703,-14556.94,1144.3,0,0,7372.8,0,0,
8.73999977111816,27.49091,0,0,0.1489064,0,0,0,-7562.984,-14533.99,1118.268,0,0,7372.8,0,0,
8.76000022888184,27.66138,0,0,0.1451817,0,0,0,-7606.191,-14511.42,1090.296,0,0,7372.8,0,0,
8.77999973297119,27.82758,0,0,0.1396282,0,0,0,-7648.252,-14489.3,1048.59,0,0,7372.8,0,0,
8.80000019073486,27.98743,0,0,0.1358018,0,0,0,-7688.645,-14467.9,1019.854,0,0,7372.8,0,0,
8.81999969482422,28.14288,0,0,0.1301038,0,0,0,-7727.873,-14446.99,977.0628,0,0,7372.8,0,0,
8.84000015258789,28.29181,0,0,0.1264141,0,0,0,-7765.401,-14426.85,949.354,0,0,7372.8,0,0,
8.85999965667725,28.43652,0,0,0.1224585,0,0,0,-7801.814,-14407.19,919.6475,0,0,7372.8,0,0,
8.88000011444092,28.57672,0,0,0.1165773,0,0,0,-7837.043,-14388.06,875.4808,0,0,7372.8,0,0,
8.89999961853027,28.71017,0,0,0.1125363,0,0,0,-7870.534,-14369.77,845.1333,0,0,7372.8,0,0,
8.92000007629395,28.83899,0,0,0.1084628,0,0,0,-7902.825,-14352.03,814.5417,0,0,7372.8,0,0,
8.9399995803833,28.96317,0,0,0.1026588,0,0,0,-7933.908,-14334.87,770.9548,0,0,7372.8,0,0,
8.96000003814697,29.08069,0,0,0.09851175,0,0,0,-7963.293,-14318.57,739.8107,0,0,7372.8,0,0,
8.97999954223633,29.19345,0,0,0.09236166,0,0,0,-7991.46,-14302.87,693.6243,0,0,7372.8,0,0,
9,29.29919,0,0,0.08839507,0,0,0,-8017.84,-14288.1,663.8357,0,0,7372.8,0,0,
9.01999950408936,29.40039,0,0,0.0839057,0,0,0,-8043.064,-14273.91,630.1211,0,0,7372.8,0,0,
9.03999996185303,29.49643,0,0,0.07787782,0,0,0,-8066.981,-14260.41,584.8525,0,0,7372.8,0,0,
9.05999946594238,29.5856,0,0,0.07358073,0,0,0,-8089.16,-14247.84,552.5818,0,0,7372.8,0,0,
9.07999992370605,29.66983,0,0,0.06722315,0,0,0,-8110.098,-14235.93,504.8373,0,0,7372.8,0,0,
9.09999942779541,29.74677,0,0,0.06287579,0,0,0,-8129.211,-14225.03,472.1892,0,0,7372.8,0,0,
9.11999988555908,29.81876,0,0,0.05644992,0,0,0,-8147.075,-14214.8,423.9317,0,0,7372.8,0,0,
9.13999938964844,29.88336,0,0,0.05205996,0,0,0,-8163.101,-14205.61,390.9637,0,0,7372.8,0,0,
9.15999984741211,29.94296,0,0,0.04791445,0,0,0,-8177.873,-14197.11,359.8314,0,0,7372.8,0,0,
9.17999935150146,29.9978,0,0,0.04141292,0,0,0,-8191.46,-14189.27,311.0057,0,0,7372.8,0,0,
9.19999980926514,30.04523,0,0,0.03723811,0,0,0,-8203.197,-14182.49,279.6534,0,0,7372.8,0,0,
9.22000026702881,30.08786,0,0,0.03043419,0,0,0,-8213.747,-14176.38,228.5569,0,0,7372.8,0,0,
9.23999977111816,30.12268,0,0,0.02597408,0,0,0,-8222.365,-14171.39,195.062,0,0,7372.8,0,0,
9.26000022888184,30.15244,0,0,0.02176942,0,0,0,-8229.718,-14167.12,163.4856,0,0,7372.8,0,0,
9.27999973297119,30.17734,0,0,0.0151889,0,0,0,-8235.88,-14163.54,114.0667,0,0,7372.8,0,0,
9.30000019073486,30.19473,0,0,0.01070849,0,0,0,-8240.178,-14161.04,80.41939,0,0,7372.8,0,0,
9.31999969482422,30.207,0,0,0.004114364,0,0,0,-8243.208,-14159.27,30.89835,0,0,7372.8,0,0,
9.34000015258789,30.2117,0,0,-0.0003713337,0,0,0,-8244.372,-14158.59,-2.788669,0,0,7372.8,0,0,
9.35999965667725,30.21127,0,0,-0.004593111,0,0,0,-8244.267,-14158.66,-34.49368,0,0,7372.8,0,0,
9.38000011444092,30.20602,0,0,-0.01118689,0,0,0,-8242.968,-14159.41,-84.01211,0,0,7372.8,0,0,
9.39999961853027,30.19321,0,0,-0.01566689,0,0,0,-8239.804,-14161.25,-117.6563,0,0,7372.8,0,0,
9.42000007629395,30.17529,0,0,-0.02014236,0,0,0,-8235.369,-14163.83,-151.2666,0,0,7372.8,0,0,
9.4399995803833,30.15222,0,0,-0.02671303,0,0,0,-8229.669,-14167.15,-200.6115,0,0,7372.8,0,0,
9.46000003814697,30.12164,0,0,-0.03090975,0,0,0,-8222.106,-14171.54,-232.1283,0,0,7372.8,0,0,
9.47999954223633,30.08627,0,0,-0.0374509,0,0,0,-8213.353,-14176.61,-281.2515,0,0,7372.8,0,0,
9.5,30.0434,0,0,-0.04188573,0,0,0,-8202.741,-14182.75,-314.5565,0,0,7372.8,0,0,
9.51999950408936,29.99542,0,0,-0.04838522,0,0,0,-8190.869,-14189.61,-363.3668,0,0,7372.8,0,0,
9.53999996185303,29.94003,0,0,-0.05252928,0,0,0,-8177.147,-14197.53,-394.4882,0,0,7372.8,0,0,
9.55999946594238,29.87991,0,0,-0.05717517,0,0,0,-8162.242,-14206.1,-429.3782,0,0,7372.8,0,0,
9.57999992370605,29.81445,0,0,-0.06334065,0,0,0,-8146.007,-14215.42,-475.6802,0,0,7372.8,0,0,
9.59999942779541,29.74194,0,0,-0.06768599,0,0,0,-8128.01,-14225.71,-508.3131,0,0,7372.8,0,0,
9.61999988555908,29.66446,0,0,-0.07404037,0,0,0,-8108.764,-14236.69,-556.0337,0,0,7372.8,0,0,
9.63999938964844,29.57968,0,0,-0.07833511,0,0,0,-8087.694,-14248.67,-588.2867,0,0,7372.8,0,0,
9.65999984741211,29.49002,0,0,-0.0823566,0,0,0,-8065.382,-14261.31,-618.4875,0,0,7372.8,0,0,
9.67999935150146,29.39572,0,0,-0.08884607,0,0,0,-8041.904,-14274.57,-667.2227,0,0,7372.8,0,0,
9.69999980926514,29.29404,0,0,-0.09281003,0,0,0,-8016.553,-14288.82,-696.9915,0,0,7372.8,0,0,
9.71999931335449,29.18777,0,0,-0.09699566,0,0,0,-7990.042,-14303.66,-728.425,0,0,7372.8,0,0,
9.73999977111816,29.07675,0,0,-0.1028568,0,0,0,-7962.306,-14319.12,-772.4413,0,0,7372.8,0,0,
9.76000022888184,28.95898,0,0,-0.1069728,0,0,0,-7932.863,-14335.45,-803.3517,0,0,7372.8,0,0,
9.77999973297119,28.83655,0,0,-0.1132076,0,0,0,-7902.207,-14352.37,-850.1747,0,0,7372.8,0,0,
9.80000019073486,28.70694,0,0,-0.1170067,0,0,0,-7869.723,-14370.21,-878.7052,0,0,7372.8,0,0,
9.81999969482422,28.573,0,0,-0.1228824,0,0,0,-7836.106,-14388.57,-922.8311,0,0,7372.8,0,0,
9.84000015258789,28.43231,0,0,-0.1266028,0,0,0,-7800.756,-14407.76,-950.7708,0,0,7372.8,0,0,
9.85999965667725,28.28738,0,0,-0.1307494,0,0,0,-7764.287,-14427.45,-981.9112,0,0,7372.8,0,0,
9.88000011444092,28.13773,0,0,-0.1364381,0,0,0,-7726.57,-14447.68,-1024.632,0,0,7372.8,0,0,
9.89999961853027,27.98154,0,0,-0.1400343,0,0,0,-7687.156,-14468.69,-1051.64,0,0,7372.8,0,0,
9.92000007629395,27.82123,0,0,-0.143816,0,0,0,-7646.646,-14490.14,-1080.04,0,0,7372.8,0,0,
9.9399995803833,27.65659,0,0,-0.1493014,0,0,0,-7604.977,-14512.06,-1121.235,0,0,7372.8,0,0,
9.96000003814697,27.48566,0,0,-0.1529785,0,0,0,-7561.654,-14534.68,-1148.849,0,0,7372.8,0,0,
9.97999954223633,27.31055,0,0,-0.158094,0,0,0,-7517.192,-14557.72,-1187.266,0,0,7372.8,0,0,
10,27.12955,0,0,-0.1616627,0,0,0,-7471.173,-14581.39,-1214.066,0,0,7372.8,0,0,
10.0199995040894,26.94449,0,0,-0.1668255,0,0,0,-7424.036,-14605.45,-1252.838,0,0,7372.8,0,0,
10.039999961853,26.75351,0,0,-0.1700752,0,0,0,-7375.311,-14630.11,-1277.243,0,0,7372.8,0,0,
10.0599994659424,26.55881,0,0,-0.1734803,0,0,0,-7325.554,-14655.09,-1302.815,0,0,7372.8,0,0,
10.0799999237061,26.36023,0,0,-0.1785907,0,0,0,-7274.712,-14680.4,-1341.193,0,0,7372.8,0,0,
10.0999994277954,26.15576,0,0,-0.1816758,0,0,0,-7222.283,-14706.26,-1364.362,0,0,7372.8,0,0,
10.1199998855591,25.94781,0,0,-0.1849028,0,0,0,-7168.854,-14732.38,-1388.596,0,0,7372.8,0,0,
10.1399993896484,25.73611,0,0,-0.1893672,0,0,0,-7114.377,-14758.76,-1422.124,0,0,7372.8,0,0,
10.1599998474121,25.51935,0,0,-0.1924638,0,0,0,-7058.488,-14785.57,-1445.378,0,0,7372.8,0,0,
10.1799993515015,25.29901,0,0,-0.1970917,0,0,0,-7001.577,-14812.61,-1480.134,0,0,7372.8,0,0,
10.1999998092651,25.07339,0,0,-0.1998736,0,0,0,-6943.192,-14840.07,-1501.025,0,0,7372.8,0,0,
10.2199993133545,24.84457,0,0,-0.2027734,0,0,0,-6883.874,-14867.67,-1522.802,0,0,7372.8,0,0,
10.2399997711182,24.61246,0,0,-0.2067672,0,0,0,-6823.581,-14895.44,-1552.796,0,0,7372.8,0,0,
10.2600002288818,24.37573,0,0,-0.2095243,0,0,0,-6761.988,-14923.5,-1573.501,0,0,7372.8,0,0,
10.2799997329712,24.13589,0,0,-0.2134685,0,0,0,-6699.454,-14951.68,-1603.121,0,0,7372.8,0,0,
10.3000001907349,23.89151,0,0,-0.2160746,0,0,0,-6635.622,-14980.12,-1622.692,0,0,7372.8,0,0,
10.3199996948242,23.64417,0,0,-0.2186182,0,0,0,-6570.889,-15008.63,-1641.795,0,0,7372.8,0,0,
10.3400001525879,23.39389,0,0,-0.2222438,0,0,0,-6505.27,-15037.18,-1669.022,0,0,7372.8,0,0,
10.3599996566772,23.13947,0,0,-0.2244913,0,0,0,-6438.435,-15065.92,-1685.901,0,0,7372.8,0,0,
10.3800001144409,22.88248,0,0,-0.2280209,0,0,0,-6370.794,-15094.65,-1712.408,0,0,7372.8,0,0,
10.3999996185303,22.62146,0,0,-0.2301164,0,0,0,-6301.959,-15123.52,-1728.145,0,0,7372.8,0,0,
10.4200000762939,22.35803,0,0,-0.2322784,0,0,0,-6232.358,-15152.33,-1744.381,0,0,7372.8,0,0,
10.4399995803833,22.0921,0,0,-0.2352162,0,0,0,-6161.971,-15181.09,-1766.444,0,0,7372.8,0,0,
10.460000038147,21.82285,0,0,-0.2372153,0,0,0,-6090.557,-15209.88,-1781.457,0,0,7372.8,0,0,
10.4799995422363,21.5513,0,0,-0.2400304,0,0,0,-6018.4,-15238.58,-1802.598,0,0,7372.8,0,0,
10.5,21.27652,0,0,-0.2418591,0,0,0,-5945.25,-15267.27,-1816.331,0,0,7372.8,0,0,
10.5199995040894,20.99963,0,0,-0.2444212,0,0,0,-5871.405,-15295.82,-1835.572,0,0,7372.8,0,0,
10.539999961853,20.71985,0,0,-0.2460763,0,0,0,-5796.638,-15324.31,-1848.002,0,0,7372.8,0,0,
10.5599994659424,20.43814,0,0,-0.2476603,0,0,0,-5721.224,-15352.62,-1859.897,0,0,7372.8,0,0,
10.5799999237061,20.15463,0,0,-0.2497745,0,0,0,-5645.186,-15380.75,-1875.775,0,0,7372.8,0,0,
10.5999994277954,19.86868,0,0,-0.2511852,0,0,0,-5568.358,-15408.73,-1886.369,0,0,7372.8,0,0,
10.6199998855591,19.58115,0,0,-0.2525232,0,0,0,-5490.957,-15436.48,-1896.417,0,0,7372.8,0,0,
10.6399993896484,19.29205,0,0,-0.2543582,0,0,0,-5413.004,-15463.99,-1910.198,0,0,7372.8,0,0,
10.6599998474121,19.00089,0,0,-0.2554492,0,0,0,-5334.345,-15491.29,-1918.391,0,0,7372.8,0,0,
10.6799993515015,18.70844,0,0,-0.257023,0,0,0,-5255.21,-15518.32,-1930.21,0,0,7372.8,0,0,
10.6999998092651,18.41422,0,0,-0.2580014,0,0,0,-5175.45,-15545.1,-1937.558,0,0,7372.8,0,0,
10.7199993133545,18.11887,0,0,-0.2593048,0,0,0,-5095.248,-15571.57,-1947.346,0,0,7372.8,0,0,
10.7399997711182,17.82202,0,0,-0.2600985,0,0,0,-5014.505,-15597.76,-1953.307,0,0,7372.8,0,0,
10.7600002288818,17.52426,0,0,-0.2607769,0,0,0,-4933.38,-15623.61,-1958.401,0,0,7372.8,0,0,
10.7799997329712,17.22574,0,0,-0.2617369,0,0,0,-4851.909,-15649.1,-1965.611,0,0,7372.8,0,0,
10.8000001907349,16.92609,0,0,-0.2622398,0,0,0,-4770.006,-15674.26,-1969.387,0,0,7372.8,0,0,
10.8199996948242,16.62589,0,0,-0.2627005,0,0,0,-4687.814,-15699.04,-1972.847,0,0,7372.8,0,0,
10.8400001525879,16.32516,0,0,-0.2632401,0,0,0,-4605.35,-15723.43,-1976.899,0,0,7372.8,0,0,
10.8599996566772,16.0238,0,0,-0.2634991,0,0,0,-4522.588,-15747.43,-1978.844,0,0,7372.8,0,0,
10.8800001144409,15.72217,0,0,-0.2637687,0,0,0,-4439.62,-15771.03,-1980.869,0,0,7372.8,0,0,
10.8999996185303,15.42023,0,0,-0.2638579,0,0,0,-4356.444,-15794.2,-1981.539,0,0,7372.8,0,0,
10.9200000762939,15.11816,0,0,-0.2638709,0,0,0,-4273.119,-15816.95,-1981.636,0,0,7372.8,0,0,
10.9399995803833,14.81607,0,0,-0.2637514,0,0,0,-4189.669,-15839.26,-1980.739,0,0,7372.8,0,0,
10.960000038147,14.51416,0,0,-0.2635884,0,0,0,-4106.143,-15861.12,-1979.515,0,0,7372.8,0,0,
10.9799995422363,14.2124,0,0,-0.2631986,0,0,0,-4022.554,-15882.52,-1976.588,0,0,7372.8,0,0,
11,13.9111,0,0,-0.2628396,0,0,0,-3938.977,-15903.46,-1973.892,0,0,7372.8,0,0,
11.0199995040894,13.6102,0,0,-0.2624047,0,0,0,-3855.406,-15923.92,-1970.626,0,0,7372.8,0,0,
11.039999961853,13.30981,0,0,-0.2616273,0,0,0,-3771.867,-15943.92,-1964.788,0,0,7372.8,0,0,
11.0599994659424,13.01031,0,0,-0.2610053,0,0,0,-3688.472,-15963.42,-1960.116,0,0,7372.8,0,0,
11.0799999237061,12.71152,0,0,-0.2599536,0,0,0,-3605.175,-15982.43,-1952.218,0,0,7372.8,0,0,
11.0999994277954,12.41394,0,0,-0.2591951,0,0,0,-3522.116,-16000.94,-1946.522,0,0,7372.8,0,0,
11.1199998855591,12.11722,0,0,-0.2583166,0,0,0,-3439.205,-16018.97,-1939.925,0,0,7372.8,0,0,
11.1399993896484,11.8215,0,0,-0.2568892,0,0,0,-3356.483,-16036.5,-1929.205,0,0,7372.8,0,0,
11.1599998474121,11.52744,0,0,-0.2558267,0,0,0,-3274.13,-16053.52,-1921.226,0,0,7372.8,0,0,
11.1799993515015,11.23456,0,0,-0.254201,0,0,0,-3192.031,-16070.05,-1909.017,0,0,7372.8,0,0,
11.1999998092651,10.94357,0,0,-0.2529608,0,0,0,-3110.372,-16086.05,-1899.703,0,0,7372.8,0,0,
11.2199993133545,10.65399,0,0,-0.2516475,0,0,0,-3029.031,-16101.57,-1889.841,0,0,7372.8,0,0,
11.2399997711182,10.36591,0,0,-0.2495842,0,0,0,-2948.036,-16116.59,-1874.346,0,0,7372.8,0,0,
11.2599992752075,10.0802,0,0,-0.248092,0,0,0,-2867.631,-16131.09,-1863.139,0,0,7372.8,0,0,
11.2799997329712,9.796173,0,0,-0.2457674,0,0,0,-2787.636,-16145.11,-1845.682,0,0,7372.8,0,0,
11.3000001907349,9.514832,0,0,-0.244199,0,0,0,-2708.323,-16158.6,-1833.903,0,0,7372.8,0,0,
11.3199996948242,9.235291,0,0,-0.242464,0,0,0,-2629.452,-16171.63,-1820.874,0,0,7372.8,0,0,
11.3400001525879,8.957703,0,0,-0.2397855,0,0,0,-2551.079,-16184.17,-1800.758,0,0,7372.8,0,0,
11.3599996566772,8.683228,0,0,-0.2378784,0,0,0,-2473.513,-16196.21,-1786.436,0,0,7372.8,0,0,
11.3800001144409,8.410889,0,0,-0.2349491,0,0,0,-2396.508,-16207.78,-1764.438,0,0,7372.8,0,0,
11.3999996185303,8.141937,0,0,-0.2328732,0,0,0,-2320.398,-16218.85,-1748.848,0,0,7372.8,0,0,
11.4200000762939,7.875366,0,0,-0.2308579,0,0,0,-2244.91,-16229.47,-1733.713,0,0,7372.8,0,0,
11.4399995803833,7.611084,0,0,-0.2275909,0,0,0,-2170.027,-16239.66,-1709.179,0,0,7372.8,0,0,
11.460000038147,7.350525,0,0,-0.225288,0,0,0,-2096.159,-16249.36,-1691.884,0,0,7372.8,0,0,
11.4799995422363,7.092621,0,0,-0.2217832,0,0,0,-2022.995,-16258.63,-1665.564,0,0,7372.8,0,0,
11.5,6.838745,0,0,-0.2194673,0,0,0,-1950.93,-16267.43,-1648.172,0,0,7372.8,0,0,
11.5199995040894,6.587494,0,0,-0.2157364,0,0,0,-1879.579,-16275.83,-1620.153,0,0,7372.8,0,0,
11.539999961853,6.340515,0,0,-0.2131223,0,0,0,-1809.406,-16283.78,-1600.521,0,0,7372.8,0,0,
11.5599994659424,6.096558,0,0,-0.2104465,0,0,0,-1740.051,-16291.34,-1580.427,0,0,7372.8,0,0,
11.5799999237061,5.855652,0,0,-0.2064013,0,0,0,-1671.535,-16298.51,-1550.048,0,0,7372.8,0,0,
11.5999994277954,5.619354,0,0,-0.2037446,0,0,0,-1604.308,-16305.26,-1530.096,0,0,7372.8,0,0,
11.6199998855591,5.386108,0,0,-0.2008646,0,0,0,-1537.919,-16311.66,-1508.468,0,0,7372.8,0,0,
11.6399993896484,5.156189,0,0,-0.1967002,0,0,0,-1472.444,-16317.7,-1477.193,0,0,7372.8,0,0,
11.6599998474121,4.931,0,0,-0.1935024,0,0,0,-1408.303,-16323.36,-1453.178,0,0,7372.8,0,0,
11.6799993515015,4.709473,0,0,-0.1889572,0,0,0,-1345.183,-16328.68,-1419.044,0,0,7372.8,0,0,
11.6999998092651,4.493164,0,0,-0.1857988,0,0,0,-1283.527,-16333.65,-1395.325,0,0,7372.8,0,0,
11.7199993133545,4.280487,0,0,-0.1827772,0,0,0,-1222.884,-16338.3,-1372.633,0,0,7372.8,0,0,
11.7399997711182,4.071228,0,0,-0.1779625,0,0,0,-1163.21,-16342.66,-1336.475,0,0,7372.8,0,0,
11.7599992752075,3.867523,0,0,-0.1748226,0,0,0,-1105.094,-16346.69,-1312.895,0,0,7372.8,0,0,
11.7799997329712,3.667389,0,0,-0.1698271,0,0,0,-1047.989,-16350.45,-1275.38,0,0,7372.8,0,0,
11.8000001907349,3.472961,0,0,-0.1663693,0,0,0,-992.5031,-16353.91,-1249.412,0,0,7372.8,0,0,
11.8199996948242,3.282501,0,0,-0.1628635,0,0,0,-938.1364,-16357.12,-1223.084,0,0,7372.8,0,0,
11.8400001525879,3.096069,0,0,-0.1576226,0,0,0,-884.9053,-16360.09,-1183.726,0,0,7372.8,0,0,
11.8599996566772,2.915619,0,0,-0.1540024,0,0,0,-833.3782,-16362.79,-1156.538,0,0,7372.8,0,0,
11.8800001144409,2.739319,0,0,-0.1485979,0,0,0,-783.0266,-16365.28,-1115.951,0,0,7372.8,0,0,
11.8999996185303,2.569214,0,0,-0.1450902,0,0,0,-734.4349,-16367.53,-1089.609,0,0,7372.8,0,0,
11.9200000762939,2.403137,0,0,-0.1413225,0,0,0,-686.9841,-16369.59,-1061.314,0,0,7372.8,0,0,
11.9399995803833,2.241333,0,0,-0.1357078,0,0,0,-640.7599,-16371.47,-1019.149,0,0,7372.8,0,0,
11.960000038147,2.085999,0,0,-0.1320698,0,0,0,-596.3673,-16373.14,-991.8274,0,0,7372.8,0,0,
11.9799995422363,1.934814,0,0,-0.1260862,0,0,0,-553.1605,-16374.66,-946.8917,0,0,7372.8,0,0,
12,1.790466,0,0,-0.1221275,0,0,0,-511.9077,-16376,-917.1622,0,0,7372.8,0,0,
12.0199995040894,1.650665,0,0,-0.1183695,0,0,0,-471.9471,-16377.2,-888.9399,0,0,7372.8,0,0,
12.039999961853,1.515137,0,0,-0.1124372,0,0,0,-433.2133,-16378.27,-844.3892,0,0,7372.8,0,0,
12.0599994659424,1.386444,0,0,-0.1083628,0,0,0,-396.4185,-16379.2,-813.7911,0,0,7372.8,0,0,
12.0799999237061,1.26239,0,0,-0.1023146,0,0,0,-360.9552,-16380.02,-768.3698,0,0,7372.8,0,0,
12.0999994277954,1.145264,0,0,-0.09816506,0,0,0,-327.4696,-16380.73,-737.207,0,0,7372.8,0,0,
12.1199998855591,1.032867,0,0,-0.09423374,0,0,0,-295.3409,-16381.34,-707.6833,0,0,7372.8,0,0,
12.1399993896484,0.9250183,0,0,-0.08804303,0,0,0,-264.4977,-16381.87,-661.1919,0,0,7372.8,0,0,
12.1599998474121,0.8242188,0,0,-0.08380165,0,0,0,-235.68,-16382.3,-629.3397,0,0,7372.8,0,0,
12.1799993515015,0.7282715,0,0,-0.07752073,0,0,0,-208.2499,-16382.68,-582.1708,0,0,7372.8,0,0,
12.1999998092651,0.6395264,0,0,-0.07347533,0,0,0,-182.8751,-16382.98,-551.7903,0,0,7372.8,0,0,
12.2199993133545,0.5554199,0,0,-0.06711703,0,0,0,-158.8241,-16383.23,-504.0403,0,0,7372.8,0,0,
12.2399997711182,0.4785767,0,0,-0.06276914,0,0,0,-136.854,-16383.43,-471.3882,0,0,7372.8,0,0,
12.2599992752075,0.4067383,0,0,-0.05840312,0,0,0,-116.307,-16383.59,-438.6,0,0,7372.8,0,0,
12.2799997329712,0.3398743,0,0,-0.05195225,0,0,0,-97.18902,-16383.71,-390.1548,0,0,7372.8,0,0,
12.3000001907349,0.2803955,0,0,-0.04754683,0,0,0,-80.18258,-16383.8,-357.0706,0,0,7372.8,0,0,
12.3199996948242,0.2259827,0,0,-0.04338808,0,0,0,-64.61817,-16383.87,-325.8389,0,0,7372.8,0,0,
12.3400001525879,0.1763,0,0,-0.03686808,0,0,0,-50.41507,-16383.92,-276.8746,0,0,7372.8,0,0,
12.3599996566772,0.1340942,0,0,-0.03242105,0,0,0,-38.34626,-16383.96,-243.4779,0,0,7372.8,0,0,
12.3800001144409,0.09698486,0,0,-0.02586468,0,0,0,-27.73317,-16383.98,-194.2404,0,0,7372.8,0,0,
12.3999996185303,0.06738281,0,0,-0.02139683,0,0,0,-19.26632,-16383.99,-160.6875,0,0,7372.8,0,0,
12.4200000762939,0.0428772,0,0,-0.01718622,0,0,0,-12.26202,-16384,-129.0663,0,0,7372.8,0,0,
12.4399995803833,0.02319336,0,0,-0.01059865,0,0,0,-6.636069,-16384,-79.59449,0,0,7372.8,0,0,
12.460000038147,0.01107788,0,0,-0.006115024,0,0,0,-3.166578,-16384,-45.92305,0,0,7372.8,0,0,
12.4799995422363,0.004073408,0,0,-0.0004813281,0,0,0,-1.16481,-16384,-3.614712,0,0,7372.8,0,0,
12.5,0.003522398,0,0,-0.004703025,0,0,0,-1.007246,-16384,-35.31911,0,0,7372.8,0,0,
12.5199995040894,-0.001861482,0,0,-0.009187344,0,0,0,0.5322996,-16384,-68.99578,0,0,7372.8,0,0,
12.539999961853,-0.01237888,0,0,-0.01577669,0,0,0,3.539798,-16384,-118.4809,0,0,7372.8,0,0,
12.5599994659424,-0.03043955,0,0,-0.01998888,0,0,0,8.704334,-16384,-150.114,0,0,7372.8,0,0,
12.5799999237061,-0.05332222,0,0,-0.0268224,0,0,0,15.24774,-16383.99,-201.4328,0,0,7372.8,0,0,
12.5999994277954,-0.08402769,0,0,-0.03101886,0,0,0,24.02811,-16383.98,-232.9477,0,0,7372.8,0,0,
12.6199998855591,-0.1195371,0,0,-0.03573044,0,0,0,34.18219,-16383.96,-268.331,0,0,7372.8,0,0,
12.6399993896484,-0.1604403,0,0,-0.04199426,0,0,0,45.87859,-16383.94,-315.3716,0,0,7372.8,0,0,
12.6599998474121,-0.208514,0,0,-0.04641674,0,0,0,59.62544,-16383.89,-348.5838,0,0,7372.8,0,0,
12.6799993515015,-0.2616505,0,0,-0.05289559,0,0,0,74.81994,-16383.83,-397.2391,0,0,7372.8,0,0,
12.6999998092651,-0.3222038,0,0,-0.0570249,0,0,0,92.13522,-16383.74,-428.2497,0,0,7372.8,0,0,
12.7199993133545,-0.3874842,0,0,-0.06139637,0,0,0,110.8021,-16383.63,-461.0789,0,0,7372.8,0,0,
12.7399997711182,-0.4577688,0,0,-0.06779236,0,0,0,130.8998,-16383.48,-509.112,0,0,7372.8,0,0,
12.7599992752075,-0.5353754,0,0,-0.07211772,0,0,0,153.0909,-16383.29,-541.5949,0,0,7372.8,0,0,
12.7799997329712,-0.6179337,0,0,-0.07844026,0,0,0,176.6976,-16383.05,-589.0764,0,0,7372.8,0,0,
12.7999992370605,-0.7077297,0,0,-0.08246115,0,0,0,202.3735,-16382.75,-619.2727,0,0,7372.8,0,0,
12.8199996948242,-0.8021287,0,0,-0.08671029,0,0,0,229.365,-16382.39,-651.1832,0,0,7372.8,0,0,
12.8400001525879,-0.901392,0,0,-0.09291311,0,0,0,257.7467,-16381.97,-697.7656,0,0,7372.8,0,0,
12.8599996566772,-1.007756,0,0,-0.09709811,0,0,0,288.1578,-16381.47,-729.1944,0,0,7372.8,0,0,
12.8800001144409,-1.118911,0,0,-0.1032012,0,0,0,319.9376,-16380.88,-775.0277,0,0,7372.8,0,0,
12.8999996185303,-1.237053,0,0,-0.1073147,0,0,0,353.7136,-16380.18,-805.9196,0,0,7372.8,0,0,
12.9200000762939,-1.359903,0,0,-0.1111578,0,0,0,388.8342,-16379.39,-834.781,0,0,7372.8,0,0,
12.9399995803833,-1.487153,0,0,-0.1171055,0,0,0,425.2108,-16378.48,-879.4471,0,0,7372.8,0,0,
12.960000038147,-1.621212,0,0,-0.1211083,0,0,0,463.5314,-16377.44,-909.5082,0,0,7372.8,0,0,
12.9799995422363,-1.759853,0,0,-0.1269309,0,0,0,503.1593,-16376.27,-953.2351,0,0,7372.8,0,0,
13,-1.90516,0,0,-0.1308452,0,0,0,544.6891,-16374.94,-982.6311,0,0,7372.8,0,0,
13.0199995040894,-2.054948,0,0,-0.1347218,0,0,0,587.4961,-16373.46,-1011.743,0,0,7372.8,0,0,
13.039999961853,-2.209173,0,0,-0.1401279,0,0,0,631.5669,-16371.82,-1052.342,0,0,7372.8,0,0,
13.0599994659424,-2.369587,0,0,-0.1439086,0,0,0,677.4014,-16369.99,-1080.735,0,0,7372.8,0,0,
13.0799999237061,-2.534329,0,0,-0.149175,0,0,0,724.467,-16367.97,-1120.285,0,0,7372.8,0,0,
13.0999994277954,-2.7051,0,0,-0.1530685,0,0,0,773.249,-16365.74,-1149.525,0,0,7372.8,0,0,
13.1199998855591,-2.880329,0,0,-0.1564878,0,0,0,823.2968,-16363.3,-1175.204,0,0,7372.8,0,0,
13.1399993896484,-3.059471,0,0,-0.16175,0,0,0,874.4545,-16360.65,-1214.722,0,0,7372.8,0,0,
13.1599998474121,-3.244637,0,0,-0.1652708,0,0,0,927.3236,-16357.74,-1241.163,0,0,7372.8,0,0,
13.1799993515015,-3.433835,0,0,-0.1703613,0,0,0,981.3336,-16354.58,-1279.392,0,0,7372.8,0,0,
13.1999998092651,-3.628859,0,0,-0.1737623,0,0,0,1036.996,-16351.15,-1304.933,0,0,7372.8,0,0,
13.2199993133545,-3.827776,0,0,-0.1769173,0,0,0,1093.757,-16347.45,-1328.626,0,0,7372.8,0,0,
13.2399997711182,-4.030305,0,0,-0.181756,0,0,0,1151.535,-16343.48,-1364.965,0,0,7372.8,0,0,
13.2599992752075,-4.238374,0,0,-0.1849817,0,0,0,1210.878,-16339.19,-1389.189,0,0,7372.8,0,0,
13.2799997329712,-4.450136,0,0,-0.1896279,0,0,0,1271.258,-16334.61,-1424.082,0,0,7372.8,0,0,
13.2999992370605,-4.667216,0,0,-0.1925395,0,0,0,1333.137,-16329.67,-1445.947,0,0,7372.8,0,0,
13.3199996948242,-4.887629,0,0,-0.195579,0,0,0,1395.946,-16324.42,-1468.773,0,0,7372.8,0,0,
13.3400001525879,-5.111522,0,0,-0.200118,0,0,0,1459.726,-16318.84,-1502.861,0,0,7372.8,0,0,
13.3599996566772,-5.340611,0,0,-0.2028442,0,0,0,1524.963,-16312.88,-1523.334,0,0,7372.8,0,0,
13.3800001144409,-5.572822,0,0,-0.2069997,0,0,0,1591.063,-16306.56,-1554.542,0,0,7372.8,0,0,
13.3999996185303,-5.809788,0,0,-0.2097518,0,0,0,1658.491,-16299.84,-1575.209,0,0,7372.8,0,0,
13.4200000762939,-6.049906,0,0,-0.2122865,0,0,0,1726.786,-16292.75,-1594.244,0,0,7372.8,0,0,
13.4399995803833,-6.292926,0,0,-0.216138,0,0,0,1795.876,-16285.28,-1623.169,0,0,7372.8,0,0,
13.460000038147,-6.540354,0,0,-0.2186801,0,0,0,1866.187,-16277.37,-1642.259,0,0,7372.8,0,0,
13.4799995422363,-6.790691,0,0,-0.2223033,0,0,0,1937.288,-16269.06,-1669.47,0,0,7372.8,0,0,
13.5,-7.045178,0,0,-0.2245494,0,0,0,2009.53,-16260.3,-1686.337,0,0,7372.8,0,0,
13.5199995040894,-7.302236,0,0,-0.2268729,0,0,0,2082.461,-16251.12,-1703.787,0,0,7372.8,0,0,
13.539999961853,-7.561954,0,0,-0.2301705,0,0,0,2156.104,-16241.51,-1728.551,0,0,7372.8,0,0,
13.5599994659424,-7.825446,0,0,-0.2323309,0,0,0,2230.773,-16231.42,-1744.775,0,0,7372.8,0,0,
13.5799999237061,-8.091411,0,0,-0.2355049,0,0,0,2306.094,-16220.89,-1768.611,0,0,7372.8,0,0,
13.5999994277954,-8.36101,0,0,-0.2372637,0,0,0,2382.394,-16209.86,-1781.82,0,0,7372.8,0,0,
13.6199998855591,-8.632624,0,0,-0.2393038,0,0,0,2459.21,-16198.39,-1797.141,0,0,7372.8,0,0,
13.6399993896484,-8.90657,0,0,-0.2419033,0,0,0,2536.631,-16186.44,-1816.663,0,0,7372.8,0,0,
13.6599998474121,-9.183495,0,0,-0.2436604,0,0,0,2614.834,-16173.99,-1829.858,0,0,7372.8,0,0,
13.6799993515015,-9.462429,0,0,-0.2461162,0,0,0,2693.543,-16161.07,-1848.301,0,0,7372.8,0,0,
13.6999998092651,-9.744174,0,0,-0.2476073,0,0,0,2772.98,-16147.63,-1859.499,0,0,7372.8,0,0,
13.7199993133545,-10.02763,0,0,-0.2491222,0,0,0,2852.832,-16133.72,-1870.876,0,0,7372.8,0,0,
13.7399997711182,-10.31282,0,0,-0.251219,0,0,0,2933.102,-16119.32,-1886.622,0,0,7372.8,0,0,
13.7599992752075,-10.6004,0,0,-0.2525552,0,0,0,3013.973,-16104.39,-1896.657,0,0,7372.8,0,0,
13.7799997329712,-10.88952,0,0,-0.2543876,0,0,0,3095.198,-16088.98,-1910.418,0,0,7372.8,0,0,
13.7999992370605,-11.18074,0,0,-0.2554769,0,0,0,3176.932,-16073.04,-1918.599,0,0,7372.8,0,0,
13.8199996948242,-11.4732,0,0,-0.2565627,0,0,0,3258.934,-16056.61,-1926.753,0,0,7372.8,0,0,
13.8400001525879,-11.7669,0,0,-0.2580246,0,0,0,3341.199,-16039.7,-1937.732,0,0,7372.8,0,0,
13.8599996566772,-12.06228,0,0,-0.2589266,0,0,0,3423.844,-16022.26,-1944.506,0,0,7372.8,0,0,
13.8800001144409,-12.3587,0,0,-0.2601171,0,0,0,3506.688,-16004.33,-1953.447,0,0,7372.8,0,0,
13.8999996185303,-12.65647,0,0,-0.2608339,0,0,0,3589.816,-15985.89,-1958.829,0,0,7372.8,0,0,
13.9200000762939,-12.95507,0,0,-0.2614753,0,0,0,3673.077,-15966.96,-1963.646,0,0,7372.8,0,0,
13.9399995803833,-13.2544,0,0,-0.2622521,0,0,0,3756.443,-15947.56,-1969.479,0,0,7372.8,0,0,
13.960000038147,-13.55461,0,0,-0.2627109,0,0,0,3839.953,-15927.66,-1972.925,0,0,7372.8,0,0,
13.9799995422363,-13.85536,0,0,-0.2632477,0,0,0,3923.503,-15907.28,-1976.957,0,0,7372.8,0,0,
14,-14.15672,0,0,-0.263505,0,0,0,4007.116,-15886.42,-1978.889,0,0,7372.8,0,0,
14.0199995040894,-14.45837,0,0,-0.2637044,0,0,0,4090.699,-15865.11,-1980.386,0,0,7372.8,0,0,
14.039999961853,-14.76025,0,0,-0.2638592,0,0,0,4174.233,-15843.33,-1981.549,0,0,7372.8,0,0,
14.0599994659424,-15.06231,0,0,-0.2638702,0,0,0,4257.699,-15821.11,-1981.632,0,0,7372.8,0,0,
14.0799999237061,-15.36438,0,0,-0.263748,0,0,0,4341.051,-15798.44,-1980.714,0,0,7372.8,0,0,
14.0999994277954,-15.66631,0,0,-0.2635707,0,0,0,4424.243,-15775.35,-1979.382,0,0,7372.8,0,0,
14.1199998855591,-15.96803,0,0,-0.2633342,0,0,0,4507.256,-15751.83,-1977.606,0,0,7372.8,0,0,
14.1399993896484,-16.26949,0,0,-0.2628062,0,0,0,4590.069,-15727.9,-1973.641,0,0,7372.8,0,0,
14.1599998474121,-16.57034,0,0,-0.262393,0,0,0,4672.59,-15703.58,-1970.538,0,0,7372.8,0,0,
14.1799993515015,-16.87072,0,0,-0.2616129,0,0,0,4754.854,-15678.87,-1964.679,0,0,7372.8,0,0,
14.1999998092651,-17.17021,0,0,-0.260989,0,0,0,4836.743,-15653.8,-1959.994,0,0,7372.8,0,0,
14.2199993133545,-17.46898,0,0,-0.2603329,0,0,0,4918.305,-15628.36,-1955.067,0,0,7372.8,0,0,
14.2399997711182,-17.767,0,0,-0.2591247,0,0,0,4999.527,-15602.57,-1945.994,0,0,7372.8,0,0,
14.2599992752075,-18.06364,0,0,-0.2582941,0,0,0,5080.239,-15576.48,-1939.756,0,0,7372.8,0,0,
14.2799997329712,-18.35933,0,0,-0.256864,0,0,0,5160.557,-15550.05,-1929.016,0,0,7372.8,0,0,
14.2999992370605,-18.65338,0,0,-0.2557997,0,0,0,5240.293,-15523.36,-1921.023,0,0,7372.8,0,0,
14.3199996948242,-18.94621,0,0,-0.2547305,0,0,0,5319.562,-15496.38,-1912.994,0,0,7372.8,0,0,
14.3400001525879,-19.23781,0,0,-0.2529295,0,0,0,5398.362,-15469.1,-1899.468,0,0,7372.8,0,0,
14.3599996566772,-19.52736,0,0,-0.2516144,0,0,0,5476.466,-15441.63,-1889.592,0,0,7372.8,0,0,
14.3800001144409,-19.8154,0,0,-0.2495485,0,0,0,5554.025,-15413.9,-1874.078,0,0,7372.8,0,0,
14.3999996185303,-20.10107,0,0,-0.2480545,0,0,0,5630.809,-15386.01,-1862.858,0,0,7372.8,0,0,
14.4200000762939,-20.38504,0,0,-0.246583,0,0,0,5706.995,-15357.92,-1851.807,0,0,7372.8,0,0,
14.4399995803833,-20.66732,0,0,-0.2441574,0,0,0,5782.59,-15329.62,-1833.591,0,0,7372.8,0,0,
14.460000038147,-20.94683,0,0,-0.2424207,0,0,0,5857.302,-15301.22,-1820.549,0,0,7372.8,0,0,
14.4799995422363,-21.22434,0,0,-0.2397397,0,0,0,5931.346,-15272.67,-1800.415,0,0,7372.8,0,0,
14.5,-21.49879,0,0,-0.2378309,0,0,0,6004.434,-15244.09,-1786.08,0,0,7372.8,0,0,
14.5199995040894,-21.77105,0,0,-0.2359716,0,0,0,6076.804,-15215.38,-1772.117,0,0,7372.8,0,0,
14.539999961853,-22.04118,0,0,-0.2328217,0,0,0,6148.472,-15186.56,-1748.461,0,0,7372.8,0,0,
14.5599994659424,-22.30771,0,0,-0.2308049,0,0,0,6219.05,-15157.8,-1733.315,0,0,7372.8,0,0,
14.5799999237061,-22.57193,0,0,-0.2275356,0,0,0,6288.884,-15128.96,-1708.763,0,0,7372.8,0,0,
14.5999994277954,-22.8324,0,0,-0.2253685,0,0,0,6357.596,-15100.21,-1692.488,0,0,7372.8,0,0,
14.6199998855591,-23.0904,0,0,-0.2228615,0,0,0,6425.527,-15071.43,-1673.662,0,0,7372.8,0,0,
14.6399993896484,-23.34552,0,0,-0.2194067,0,0,0,6492.572,-15042.67,-1647.716,0,0,7372.8,0,0,
14.6599998474121,-23.59669,0,0,-0.2168829,0,0,0,6558.453,-15014.07,-1628.763,0,0,7372.8,0,0,
14.6799993515015,-23.84497,0,0,-0.213058,0,0,0,6623.452,-14985.5,-1600.038,0,0,7372.8,0,0,
14.6999998092651,-24.08888,0,0,-0.2103807,0,0,0,6687.183,-14957.17,-1579.932,0,0,7372.8,0,0,
14.7199993133545,-24.32971,0,0,-0.2078054,0,0,0,6749.994,-14928.93,-1560.592,0,0,7372.8,0,0,
14.7399997711182,-24.5676,0,0,-0.2036754,0,0,0,6811.92,-14900.78,-1529.576,0,0,7372.8,0,0,
14.7599992752075,-24.80076,0,0,-0.200794,0,0,0,6872.501,-14872.93,-1507.937,0,0,7372.8,0,0,
14.7799997329712,-25.03062,0,0,-0.1964516,0,0,0,6932.113,-14845.24,-1475.326,0,0,7372.8,0,0,
14.7999992370605,-25.25552,0,0,-0.1934284,0,0,0,6990.329,-14817.92,-1452.622,0,0,7372.8,0,0,
14.8199996948242,-25.47695,0,0,-0.190532,0,0,0,7047.543,-14790.79,-1430.871,0,0,7372.8,0,0,
14.8399991989136,-25.69506,0,0,-0.1857216,0,0,0,7103.798,-14763.86,-1394.745,0,0,7372.8,0,0,
14.8599996566772,-25.90767,0,0,-0.1826988,0,0,0,7158.533,-14737.4,-1372.045,0,0,7372.8,0,0,
14.8800001144409,-26.11682,0,0,-0.1778823,0,0,0,7212.281,-14711.17,-1335.874,0,0,7372.8,0,0,
14.8999996185303,-26.32045,0,0,-0.1745434,0,0,0,7264.521,-14685.44,-1310.798,0,0,7372.8,0,0,
14.9200000762939,-26.52026,0,0,-0.1711539,0,0,0,7315.69,-14660.02,-1285.344,0,0,7372.8,0,0,
14.9399995803833,-26.71619,0,0,-0.1660801,0,0,0,7365.779,-14634.92,-1247.24,0,0,7372.8,0,0,
14.960000038147,-26.90631,0,0,-0.1627781,0,0,0,7414.301,-14610.39,-1222.443,0,0,7372.8,0,0,
14.9799995422363,-27.09266,0,0,-0.1575358,0,0,0,7461.778,-14586.2,-1183.074,0,0,7372.8,0,0,
15,-27.273,0,0,-0.1539144,0,0,0,7507.652,-14562.64,-1155.878,0,0,7372.8,0,0,
15.0199995040894,-27.44919,0,0,-0.1502486,0,0,0,7552.4,-14539.49,-1128.348,0,0,7372.8,0,0,
15.039999961853,-27.6212,0,0,-0.1447792,0,0,0,7596.013,-14516.75,-1087.273,0,0,7372.8,0,0,
15.0599994659424,-27.78693,0,0,-0.1412311,0,0,0,7637.973,-14494.72,-1060.628,0,0,7372.8,0,0,
15.0799999237061,-27.94862,0,0,-0.1356152,0,0,0,7678.845,-14473.11,-1018.453,0,0,7372.8,0,0,
15.0999994277954,-28.10386,0,0,-0.1317476,0,0,0,7718.033,-14452.25,-989.4077,0,0,7372.8,0,0,
15.1199998855591,-28.25468,0,0,-0.127842,0,0,0,7756.049,-14431.88,-960.0768,0,0,7372.8,0,0,
15.1399993896484,-28.40103,0,0,-0.1220317,0,0,0,7792.888,-14412.02,-916.4428,0,0,7372.8,0,0,
15.1599998474121,-28.54073,0,0,-0.1182729,0,0,0,7828.003,-14392.98,-888.2147,0,0,7372.8,0,0,
15.1799993515015,-28.67613,0,0,-0.1121006,0,0,0,7861.994,-14374.44,-841.8615,0,0,7372.8,0,0,
15.1999998092651,-28.80445,0,0,-0.1082644,0,0,0,7894.169,-14356.79,-813.0522,0,0,7372.8,0,0,
15.2199993133545,-28.92839,0,0,-0.104158,0,0,0,7925.206,-14339.69,-782.2134,0,0,7372.8,0,0,
15.2399997711182,-29.04763,0,0,-0.098065,0,0,0,7955.031,-14323.16,-736.4556,0,0,7372.8,0,0,
15.2599992752075,-29.15989,0,0,-0.09413305,0,0,0,7983.08,-14307.55,-706.9272,0,0,7372.8,0,0,
15.2799997329712,-29.26765,0,0,-0.08769259,0,0,0,8009.974,-14292.51,-658.5601,0,0,7372.8,0,0,
15.2999992370605,-29.36804,0,0,-0.08369955,0,0,0,8035.004,-14278.45,-628.5729,0,0,7372.8,0,0,
15.3199996948242,-29.46386,0,0,-0.07943338,0,0,0,8058.871,-14264.99,-596.5345,0,0,7372.8,0,0,
15.3399991989136,-29.55479,0,0,-0.07311843,0,0,0,8081.5,-14252.19,-549.11,0,0,7372.8,0,0,
15.3599996566772,-29.63849,0,0,-0.06905261,0,0,0,8102.312,-14240.37,-518.5763,0,0,7372.8,0,0,
15.3800001144409,-29.71754,0,0,-0.06266481,0,0,0,8121.951,-14229.17,-470.6047,0,0,7372.8,0,0,
15.3999996185303,-29.78928,0,0,-0.05829836,0,0,0,8139.76,-14218.99,-437.8133,0,0,7372.8,0,0,
15.4200000762939,-29.85602,0,0,-0.05417346,0,0,0,8156.316,-14209.5,-406.8358,0,0,7372.8,0,0,
15.4399995803833,-29.91804,0,0,-0.04744129,0,0,0,8171.694,-14200.67,-356.278,0,0,7372.8,0,0,
15.460000038147,-29.97234,0,0,-0.04328224,0,0,0,8185.15,-14192.91,-325.0441,0,0,7372.8,0,0,
15.4799995422363,-30.02189,0,0,-0.03650054,0,0,0,8197.42,-14185.83,-274.1144,0,0,7372.8,0,0,
15.5,-30.06367,0,0,-0.03231469,0,0,0,8207.764,-14179.85,-242.6792,0,0,7372.8,0,0,
15.5199995040894,-30.10067,0,0,-0.02812057,0,0,0,8216.916,-14174.54,-211.1819,0,0,7372.8,0,0,
15.539999961853,-30.13285,0,0,-0.02129014,0,0,0,8224.88,-14169.93,-159.8862,0,0,7372.8,0,0,
15.5599994659424,-30.15723,0,0,-0.01707941,0,0,0,8230.907,-14166.43,-128.2642,0,0,7372.8,0,0,
15.5799999237061,-30.17678,0,0,-0.01049182,0,0,0,8235.74,-14163.62,-78.79224,0,0,7372.8,0,0,
15.5999994277954,-30.1888,0,0,-0.006008141,0,0,0,8238.71,-14161.89,-45.12037,0,0,7372.8,0,0,
15.6199998855591,-30.19567,0,0,-0.001786701,0,0,0,8240.409,-14160.9,-13.4179,0,0,7372.8,0,0,
15.6399993896484,-30.19771,0,0,0.005073729,0,0,0,8240.915,-14160.61,38.10306,0,0,7372.8,0,0,
15.6599998474121,-30.19191,0,0,0.009294065,0,0,0,8239.479,-14161.44,69.79724,0,0,7372.8,0,0,
15.6799993515015,-30.18127,0,0,0.01614665,0,0,0,8236.85,-14162.97,121.2593,0,0,7372.8,0,0,
15.6999998092651,-30.16278,0,0,0.02035844,0,0,0,8232.278,-14165.63,152.8893,0,0,7372.8,0,0,
15.7199993133545,-30.13947,0,0,0.02482784,0,0,0,8226.517,-14168.98,186.4539,0,0,7372.8,0,0,
15.7399997711182,-30.11105,0,0,0.0313869,0,0,0,8219.486,-14173.06,235.7116,0,0,7372.8,0,0,
15.7599992752075,-30.07512,0,0,0.03557468,0,0,0,8210.596,-14178.21,267.1613,0,0,7372.8,0,0,
15.7799997329712,-30.0344,0,0,0.04209943,0,0,0,8200.516,-14184.04,316.1614,0,0,7372.8,0,0,
15.7999992370605,-29.9862,0,0,0.0465216,0,0,0,8188.582,-14190.93,349.3713,0,0,7372.8,0,0,
15.8199996948242,-29.93294,0,0,0.05093033,0,0,0,8175.389,-14198.54,382.4803,0,0,7372.8,0,0,
15.8399991989136,-29.87464,0,0,0.05738648,0,0,0,8160.937,-14206.85,430.9651,0,0,7372.8,0,0,
15.8599996566772,-29.80895,0,0,0.06149985,0,0,0,8144.641,-14216.2,461.856,0,0,7372.8,0,0,
15.8800001144409,-29.73854,0,0,0.06815013,0,0,0,8127.166,-14226.2,511.7988,0,0,7372.8,0,0,
15.8999996185303,-29.66052,0,0,0.07221995,0,0,0,8107.787,-14237.25,542.3625,0,0,7372.8,0,0,
15.9200000762939,-29.57785,0,0,0.07627127,0,0,0,8087.235,-14248.93,572.7875,0,0,7372.8,0,0,
15.9399995803833,-29.49054,0,0,0.08281267,0,0,0,8065.511,-14261.24,621.9125,0,0,7372.8,0,0,
15.960000038147,-29.39573,0,0,0.08681054,0,0,0,8041.905,-14274.57,651.9361,0,0,7372.8,0,0,
15.9799995422363,-29.29636,0,0,0.09325933,0,0,0,8017.133,-14288.49,700.3657,0,0,7372.8,0,0,
16,-29.1896,0,0,0.0971967,0,0,0,7990.496,-14303.41,729.9348,0,0,7372.8,0,0,
16.0200004577637,-29.07833,0,0,0.101353,0,0,0,7962.703,-14318.9,761.1479,0,0,7372.8,0,0,
16.0399990081787,-28.96231,0,0,0.1071705,0,0,0,7933.692,-14334.99,804.8367,0,0,7372.8,0,0,
16.0599994659424,-28.83962,0,0,0.1114932,0,0,0,7902.979,-14351.95,837.2995,0,0,7372.8,0,0,
16.0799999237061,-28.71199,0,0,0.1174367,0,0,0,7870.988,-14369.52,881.9348,0,0,7372.8,0,0,
16.1000003814697,-28.57755,0,0,0.1212023,0,0,0,7837.251,-14387.95,910.2138,0,0,7372.8,0,0,
16.1199989318848,-28.4388,0,0,0.1251693,0,0,0,7802.386,-14406.88,940.0057,0,0,7372.8,0,0,
16.1399993896484,-28.29551,0,0,0.130937,0,0,0,7766.332,-14426.35,983.32,0,0,7372.8,0,0,
16.1599998474121,-28.14562,0,0,0.1345856,0,0,0,7728.564,-14446.62,1010.72,0,0,7372.8,0,0,
16.1800003051758,-27.99155,0,0,0.1404407,0,0,0,7689.688,-14467.35,1054.692,0,0,7372.8,0,0,
16.1999988555908,-27.83078,0,0,0.1442181,0,0,0,7649.063,-14488.87,1083.059,0,0,7372.8,0,0,
16.2199993133545,-27.66568,0,0,0.147735,0,0,0,7607.282,-14510.85,1109.471,0,0,7372.8,0,0,
16.2399997711182,-27.49656,0,0,0.1531543,0,0,0,7564.416,-14533.24,1150.169,0,0,7372.8,0,0,
16.2600002288818,-27.32123,0,0,0.156785,0,0,0,7519.909,-14556.32,1177.435,0,0,7372.8,0,0,
16.2799987792969,-27.14175,0,0,0.1618333,0,0,0,7474.273,-14579.8,1215.347,0,0,7372.8,0,0,
16.2999992370605,-26.95648,0,0,0.165353,0,0,0,7427.091,-14603.9,1241.78,0,0,7372.8,0,0,
16.3199996948242,-26.76719,0,0,0.1688249,0,0,0,7378.802,-14628.35,1267.853,0,0,7372.8,0,0,
16.3400001525879,-26.57393,0,0,0.1738415,0,0,0,7329.417,-14653.16,1305.528,0,0,7372.8,0,0,
16.3599987030029,-26.37492,0,0,0.1771911,0,0,0,7278.478,-14678.53,1330.682,0,0,7372.8,0,0,
16.3799991607666,-26.17208,0,0,0.1820235,0,0,0,7226.466,-14704.21,1366.973,0,0,7372.8,0,0,
16.3999996185303,-25.9637,0,0,0.1850567,0,0,0,7172.942,-14730.39,1389.752,0,0,7372.8,0,0,
16.4200000762939,-25.75185,0,0,0.1882276,0,0,0,7118.428,-14756.81,1413.565,0,0,7372.8,0,0,
16.4400005340576,-25.53637,0,0,0.1927916,0,0,0,7062.88,-14783.48,1447.84,0,0,7372.8,0,0,
16.4599990844727,-25.31567,0,0,0.1958265,0,0,0,7005.883,-14810.57,1470.632,0,0,7372.8,0,0,
16.4799995422363,-25.0915,0,0,0.2000146,0,0,0,6947.881,-14837.87,1502.084,0,0,7372.8,0,0,
16.5,-24.86252,0,0,0.20308,0,0,0,6888.53,-14865.52,1525.105,0,0,7372.8,0,0,
16.5200004577637,-24.63005,0,0,0.2057497,0,0,0,6828.156,-14893.35,1545.154,0,0,7372.8,0,0,
16.5399990081787,-24.39451,0,0,0.2096553,0,0,0,6766.874,-14921.29,1574.485,0,0,7372.8,0,0,
16.5599994659424,-24.1545,0,0,0.2125054,0,0,0,6704.311,-14949.5,1595.888,0,0,7372.8,0,0,
16.5799999237061,-23.91123,0,0,0.2163493,0,0,0,6640.777,-14977.83,1624.756,0,0,7372.8,0,0,
16.6000003814697,-23.66356,0,0,0.2187387,0,0,0,6575.97,-15006.4,1642.699,0,0,7372.8,0,0,
16.6199989318848,-23.41315,0,0,0.221216,0,0,0,6510.323,-15035,1661.304,0,0,7372.8,0,0,
16.6399993896484,-23.15992,0,0,0.2247428,0,0,0,6443.807,-15063.63,1687.79,0,0,7372.8,0,0,
16.6599998474121,-22.90264,0,0,0.227061,0,0,0,6376.101,-15092.41,1705.199,0,0,7372.8,0,0,
16.6800003051758,-22.6427,0,0,0.2303505,0,0,0,6307.567,-15121.18,1729.903,0,0,7372.8,0,0,
16.6999988555908,-22.379,0,0,0.2323804,0,0,0,6237.907,-15150.05,1745.147,0,0,7372.8,0,0,
16.7199993133545,-22.11298,0,0,0.2344721,0,0,0,6167.497,-15178.85,1760.855,0,0,7372.8,0,0,
16.7399997711182,-21.84456,0,0,0.2374247,0,0,0,6096.321,-15207.57,1783.029,0,0,7372.8,0,0,
16.7600002288818,-21.57277,0,0,0.2392366,0,0,0,6024.112,-15236.32,1796.636,0,0,7372.8,0,0,
16.7799987792969,-21.2989,0,0,0.2419449,0,0,0,5951.215,-15264.94,1816.975,0,0,7372.8,0,0,
16.7999992370605,-21.02192,0,0,0.2437004,0,0,0,5877.354,-15293.53,1830.159,0,0,7372.8,0,0,
16.8199996948242,-20.74295,0,0,0.2452882,0,0,0,5802.819,-15321.97,1842.083,0,0,7372.8,0,0,
16.8400001525879,-20.46215,0,0,0.2477343,0,0,0,5727.659,-15350.22,1860.453,0,0,7372.8,0,0,
16.8599987030029,-20.17855,0,0,0.2492433,0,0,0,5651.609,-15378.39,1871.785,0,0,7372.8,0,0,
16.8799991607666,-19.89323,0,0,0.2512509,0,0,0,5574.957,-15406.34,1886.862,0,0,7372.8,0,0,
16.8999996185303,-19.6056,0,0,0.2526616,0,0,0,5497.547,-15434.13,1897.456,0,0,7372.8,0,0,
16.9200000762939,-19.31636,0,0,0.2538469,0,0,0,5419.564,-15461.69,1906.358,0,0,7372.8,0,0,
16.9400005340576,-19.02576,0,0,0.2555687,0,0,0,5341.075,-15488.98,1919.288,0,0,7372.8,0,0,
16.9599990844727,-18.7332,0,0,0.2566484,0,0,0,5261.916,-15516.05,1927.397,0,0,7372.8,0,0,
16.9799995422363,-18.4394,0,0,0.2581013,0,0,0,5182.282,-15542.83,1938.308,0,0,7372.8,0,0,
17,-18.14393,0,0,0.2589972,0,0,0,5102.061,-15569.34,1945.036,0,0,7372.8,0,0,
17.0200004577637,-17.84744,0,0,0.2597721,0,0,0,5021.426,-15595.54,1950.855,0,0,7372.8,0,0,
17.0399990081787,-17.55005,0,0,0.2608496,0,0,0,4940.413,-15621.39,1958.947,0,0,7372.8,0,0,
17.0599994659424,-17.25144,0,0,0.2614892,0,0,0,4858.931,-15646.92,1963.751,0,0,7372.8,0,0,
17.0799999237061,-16.9521,0,0,0.2622635,0,0,0,4777.118,-15672.1,1969.565,0,0,7372.8,0,0,
17.1000003814697,-16.65187,0,0,0.2627451,0,0,0,4694.93,-15696.91,1973.182,0,0,7372.8,0,0,
17.1199989318848,-16.35108,0,0,0.2631018,0,0,0,4612.462,-15721.34,1975.861,0,0,7372.8,0,0,
17.1399993896484,-16.04989,0,0,0.2635241,0,0,0,4529.755,-15745.37,1979.032,0,0,7372.8,0,0,
17.1599998474121,-15.74822,0,0,0.2637081,0,0,0,4446.79,-15769,1980.414,0,0,7372.8,0,0,
17.1800003051758,-15.44633,0,0,0.2638629,0,0,0,4363.644,-15792.22,1981.577,0,0,7372.8,0,0,
17.1999988555908,-15.14427,0,0,0.2638677,0,0,0,4280.327,-15815,1981.613,0,0,7372.8,0,0,
17.2199993133545,-14.8422,0,0,0.2638026,0,0,0,4196.89,-15837.35,1981.124,0,0,7372.8,0,0,
17.2399997711182,-14.54021,0,0,0.2635657,0,0,0,4113.357,-15859.25,1979.345,0,0,7372.8,0,0,
17.2600002288818,-14.23849,0,0,0.2633105,0,0,0,4029.785,-15880.69,1977.428,0,0,7372.8,0,0,
17.2799987792969,-13.93706,0,0,0.2627969,0,0,0,3946.183,-15901.67,1973.571,0,0,7372.8,0,0,
17.2999992370605,-13.63622,0,0,0.2623821,0,0,0,3862.634,-15922.17,1970.456,0,0,7372.8,0,0,
17.3199996948242,-13.33585,0,0,0.2618351,0,0,0,3779.111,-15942.2,1966.348,0,0,7372.8,0,0,
17.3400001525879,-13.03611,0,0,0.2609738,0,0,0,3695.659,-15961.75,1959.88,0,0,7372.8,0,0,
17.3599987030029,-12.73736,0,0,0.2602727,0,0,0,3612.38,-15980.81,1954.615,0,0,7372.8,0,0,
17.3799991607666,-12.4394,0,0,0.2591052,0,0,0,3529.228,-15999.38,1945.847,0,0,7372.8,0,0,
17.3999996185303,-12.14279,0,0,0.2582188,0,0,0,3446.353,-16017.43,1939.19,0,0,7372.8,0,0,
17.4200000762939,-11.84719,0,0,0.2573163,0,0,0,3363.67,-16035,1932.412,0,0,7372.8,0,0,
17.4400005340576,-11.55262,0,0,0.2557744,0,0,0,3281.188,-16052.08,1920.833,0,0,7372.8,0,0,
17.4599990844727,-11.25982,0,0,0.2547036,0,0,0,3199.113,-16068.64,1912.792,0,0,7372.8,0,0,
17.4799995422363,-10.96824,0,0,0.2534211,0,0,0,3117.299,-16084.71,1903.16,0,0,7372.8,0,0,
17.5,-10.67813,0,0,0.2515834,0,0,0,3035.817,-16100.29,1889.359,0,0,7372.8,0,0,
17.5200004577637,-10.39013,0,0,0.2501939,0,0,0,2954.849,-16115.34,1878.924,0,0,7372.8,0,0,
17.5399990081787,-10.10371,0,0,0.2480194,0,0,0,2874.254,-16129.91,1862.594,0,0,7372.8,0,0,
17.5599994659424,-9.819788,0,0,0.2464521,0,0,0,2794.288,-16143.96,1850.823,0,0,7372.8,0,0,
17.5799999237061,-9.537657,0,0,0.244018,0,0,0,2714.76,-16157.52,1832.544,0,0,7372.8,0,0,
17.6000003814697,-9.258312,0,0,0.2422756,0,0,0,2635.952,-16170.57,1819.458,0,0,7372.8,0,0,
17.6199989318848,-8.980962,0,0,0.2405717,0,0,0,2557.646,-16183.14,1806.663,0,0,7372.8,0,0,
17.6399993896484,-8.705564,0,0,0.2377863,0,0,0,2479.83,-16195.24,1785.745,0,0,7372.8,0,0,
17.6599998474121,-8.433352,0,0,0.2358072,0,0,0,2402.859,-16206.84,1770.882,0,0,7372.8,0,0,
17.6800003051758,-8.163408,0,0,0.2327732,0,0,0,2326.476,-16217.98,1748.097,0,0,7372.8,0,0,
17.6999988555908,-7.896936,0,0,0.2307549,0,0,0,2251.023,-16228.63,1732.94,0,0,7372.8,0,0,
17.7199993133545,-7.632773,0,0,0.2285458,0,0,0,2176.178,-16238.83,1716.35,0,0,7372.8,0,0,
17.7399997711182,-7.371142,0,0,0.2251773,0,0,0,2102.004,-16248.6,1691.053,0,0,7372.8,0,0,
17.7600002288818,-7.113366,0,0,0.2228062,0,0,0,2028.88,-16257.89,1673.246,0,0,7372.8,0,0,
17.7799987792969,-6.858304,0,0,0.2192026,0,0,0,1956.485,-16266.76,1646.183,0,0,7372.8,0,0,
17.7999992370605,-6.607367,0,0,0.2168242,0,0,0,1885.223,-16275.18,1628.322,0,0,7372.8,0,0,
17.8199996948242,-6.359153,0,0,0.2142364,0,0,0,1814.699,-16283.19,1608.888,0,0,7372.8,0,0,
17.8400001525879,-6.113902,0,0,0.2103185,0,0,0,1744.983,-16290.81,1579.465,0,0,7372.8,0,0,
17.8599987030029,-5.873136,0,0,0.2075791,0,0,0,1676.511,-16298,1558.892,0,0,7372.8,0,0,
17.8799991607666,-5.635505,0,0,0.2047796,0,0,0,1608.902,-16304.81,1537.869,0,0,7372.8,0,0,
17.8999996185303,-5.40108,0,0,0.2005557,0,0,0,1542.178,-16311.26,1506.147,0,0,7372.8,0,0,
17.9200000762939,-5.17149,0,0,0.1977864,0,0,0,1476.805,-16317.31,1485.35,0,0,7372.8,0,0,
17.9400005340576,-4.94507,0,0,0.1933583,0,0,0,1412.311,-16323.02,1452.096,0,0,7372.8,0,0,
17.9599990844727,-4.72372,0,0,0.1902779,0,0,0,1349.24,-16328.35,1428.963,0,0,7372.8,0,0,
17.9799995422363,-4.505895,0,0,0.1871425,0,0,0,1287.154,-16333.36,1405.416,0,0,7372.8,0,0,
18,-4.29166,0,0,0.1824338,0,0,0,1226.073,-16338.06,1370.055,0,0,7372.8,0,0,
18.0200004577637,-4.082815,0,0,0.1791665,0,0,0,1166.513,-16342.42,1345.517,0,0,7372.8,0,0,
18.0399990081787,-3.877711,0,0,0.174268,0,0,0,1108.004,-16346.49,1308.73,0,0,7372.8,0,0,
18.0599994659424,-3.678215,0,0,0.1710755,0,0,0,1051.081,-16350.25,1284.755,0,0,7372.8,0,0,
18.0799999237061,-3.482372,0,0,0.1676355,0,0,0,995.1879,-16353.75,1258.922,0,0,7372.8,0,0,
18.1000003814697,-3.290468,0,0,0.1626969,0,0,0,940.4079,-16356.99,1221.833,0,0,7372.8,0,0,
18.1199989318848,-3.104218,0,0,0.1589313,0,0,0,887.2316,-16359.96,1193.554,0,0,7372.8,0,0,
18.1399993896484,-2.922278,0,0,0.1538305,0,0,0,835.2771,-16362.69,1155.248,0,0,7372.8,0,0,
18.1599998474121,-2.746178,0,0,0.1501637,0,0,0,784.9819,-16365.18,1127.71,0,0,7372.8,0,0,
18.1800003051758,-2.574275,0,0,0.1446929,0,0,0,735.8784,-16367.47,1086.625,0,0,7372.8,0,0,
18.1999988555908,-2.408634,0,0,0.1411439,0,0,0,688.5576,-16369.52,1059.972,0,0,7372.8,0,0,
18.2199993133545,-2.247057,0,0,0.1371081,0,0,0,642.392,-16371.4,1029.665,0,0,7372.8,0,0,
18.2399997711182,-2.0901,0,0,0.1316581,0,0,0,597.5416,-16373.1,988.7357,0,0,7372.8,0,0,
18.2600002288818,-1.939382,0,0,0.1277516,0,0,0,554.4696,-16374.62,959.3983,0,0,7372.8,0,0,
18.2799987792969,-1.793136,0,0,0.1219402,0,0,0,512.672,-16375.98,915.7552,0,0,7372.8,0,0,
18.2999992370605,-1.653542,0,0,0.1181806,0,0,0,472.7727,-16377.18,887.5214,0,0,7372.8,0,0,
18.3199996948242,-1.518253,0,0,0.113915,0,0,0,434.1008,-16378.25,855.4874,0,0,7372.8,0,0,
18.3400001525879,-1.387846,0,0,0.1081703,0,0,0,396.8224,-16379.19,812.3448,0,0,7372.8,0,0,
18.3599987030029,-1.264016,0,0,0.1040631,0,0,0,361.4221,-16380.01,781.5009,0,0,7372.8,0,0,
18.3799991607666,-1.144888,0,0,0.09992594,0,0,0,327.3643,-16380.73,750.4311,0,0,7372.8,0,0,
18.3999996185303,-1.030496,0,0,0.09378988,0,0,0,294.6593,-16381.35,704.35,0,0,7372.8,0,0,
18.4200000762939,-0.9231279,0,0,0.08958352,0,0,0,263.9614,-16381.87,672.7607,0,0,7372.8,0,0,
18.4400005340576,-0.8205755,0,0,0.08360138,0,0,0,234.6394,-16382.32,627.8357,0,0,7372.8,0,0,
18.4599990844727,-0.7248712,0,0,0.07933466,0,0,0,207.2748,-16382.69,595.7932,0,0,7372.8,0,0,
18.4799995422363,-0.6340513,0,0,0.07301896,0,0,0,181.3063,-16383,548.3631,0,0,7372.8,0,0,
18.5,-0.5504614,0,0,0.0689527,0,0,0,157.4046,-16383.24,517.826,0,0,7372.8,0,0,
18.5200004577637,-0.4715265,0,0,0.06435715,0,0,0,134.8337,-16383.45,483.314,0,0,7372.8,0,0,
18.5399990081787,-0.3978523,0,0,0.05819741,0,0,0,113.7669,-16383.61,437.0551,0,0,7372.8,0,0,
18.5599994659424,-0.3312297,0,0,0.05381374,0,0,0,94.71619,-16383.73,404.1343,0,0,7372.8,0,0,
18.5799999237061,-0.2696253,0,0,0.04733946,0,0,0,77.10038,-16383.82,355.5133,0,0,7372.8,0,0,
18.6000003814697,-0.2154326,0,0,0.04291968,0,0,0,61.60383,-16383.88,322.3214,0,0,7372.8,0,0,
18.6199989318848,-0.1662994,0,0,0.03874864,0,0,0,47.55404,-16383.93,290.9973,0,0,7372.8,0,0,
18.6399993896484,-0.1219412,0,0,0.03194993,0,0,0,34.86963,-16383.96,239.9399,0,0,7372.8,0,0,
18.6599998474121,-0.08536584,0,0,0.02775513,0,0,0,24.41076,-16383.98,208.4375,0,0,7372.8,0,0,
18.6800003051758,-0.0535926,0,0,0.0232903,0,0,0,15.32506,-16383.99,174.9071,0,0,7372.8,0,0,
18.6999988555908,-0.02693058,0,0,0.01671267,0,0,0,7.700927,-16384,125.51,0,0,7372.8,0,0,
18.7199993133545,-0.007798418,0,0,0.01249724,0,0,0,2.229995,-16384,93.85271,0,0,7372.8,0,0,
18.7399997711182,0.006500244,0,0,0.005904653,0,0,0,-1.861007,-16384,44.34319,0,0,7372.8,0,0,
18.7600002288818,0.01327515,0,0,0.001419212,0,0,0,-3.793909,-16384,10.6581,0,0,7372.8,0,0,
18.7799987792969,0.01489258,0,0,0,0,0,0,-4.258491,-16384,0,0,0,7372.8,0,0,
18.7999992370605,0.01489258,0,0,0.006596188,0,0,0,-4.258491,-16384,49.53653,0,0,7372.8,0,0,
18.8199996948242,0.02243042,0,0,0.01107949,0,0,0,-6.417768,-16384,83.20558,0,0,7372.8,0,0,
18.8400001525879,0.03512573,0,0,0.0176664,0,0,0,-10.04467,-16384,132.6724,0,0,7372.8,0,0,
18.8599987030029,0.05535889,0,0,0.02187649,0,0,0,-15.8278,-16383.99,164.2896,0,0,7372.8,0,0,
18.8799991607666,0.0803833,0,0,0.02634355,0,0,0,-22.98912,-16383.98,197.8367,0,0,7372.8,0,0,
18.8999996185303,0.1105652,0,0,0.03289855,0,0,0,-31.61273,-16383.97,247.0639,0,0,7372.8,0,0,
18.9200000762939,0.1482239,0,0,0.03734446,0,0,0,-42.38211,-16383.95,280.4521,0,0,7372.8,0,0,
18.939998626709,0.1909485,0,0,0.04386259,0,0,0,-54.60686,-16383.91,329.4024,0,0,7372.8,0,0,
18.9599990844727,0.2411804,0,0,0.04802006,0,0,0,-68.96528,-16383.85,360.6245,0,0,7372.8,0,0,
18.9799995422363,0.2961426,0,0,0.05242388,0,0,0,-84.68459,-16383.78,393.6966,0,0,7372.8,0,0,
19,0.3561707,0,0,0.0588722,0,0,0,-101.8454,-16383.68,442.1227,0,0,7372.8,0,0,
19.0200004577637,0.4235535,0,0,0.06298007,0,0,0,-121.1169,-16383.55,472.9723,0,0,7372.8,0,0,
19.0399990081787,0.4956665,0,0,0.06936595,0,0,0,-141.7329,-16383.39,520.9294,0,0,7372.8,0,0,
19.0599994659424,0.5750732,0,0,0.07368382,0,0,0,-164.439,-16383.17,553.3561,0,0,7372.8,0,0,
19.0799999237061,0.6594238,0,0,0.0779804,0,0,0,-188.5582,-16382.92,585.6229,0,0,7372.8,0,0,
19.1000003814697,0.7486877,0,0,0.08400751,0,0,0,-214.0833,-16382.6,630.8857,0,0,7372.8,0,0,
19.1199989318848,0.8448486,0,0,0.08849628,0,0,0,-241.5807,-16382.22,664.5957,0,0,7372.8,0,0,
19.1399993896484,0.946167,0,0,0.0946828,0,0,0,-270.5466,-16381.77,711.0557,0,0,7372.8,0,0,
19.1599998474121,1.054535,0,0,0.09861135,0,0,0,-301.5366,-16381.22,740.5587,0,0,7372.8,0,0,
19.1800003051758,1.16745,0,0,0.1027578,0,0,0,-333.8112,-16380.6,771.6977,0,0,7372.8,0,0,
19.1999988555908,1.285065,0,0,0.1088011,0,0,0,-367.4414,-16379.88,817.0827,0,0,7372.8,0,0,
19.2199993133545,1.409637,0,0,0.112872,0,0,0,-403.0479,-16379.04,847.6545,0,0,7372.8,0,0,
19.2399997711182,1.538849,0,0,0.1185634,0,0,0,-439.9846,-16378.09,890.3957,0,0,7372.8,0,0,
19.2600002288818,1.674561,0,0,0.1225536,0,0,0,-478.7813,-16377,920.3618,0,0,7372.8,0,0,
19.2799987792969,1.81485,0,0,0.1283569,0,0,0,-518.8809,-16375.78,963.9441,0,0,7372.8,0,0,
19.2999992370605,1.961792,0,0,0.1320292,0,0,0,-560.876,-16374.4,991.5222,0,0,7372.8,0,0,
19.3199996948242,2.112946,0,0,0.13612,0,0,0,-604.0687,-16372.86,1022.244,0,0,7372.8,0,0,
19.3400001525879,2.268768,0,0,0.1415056,0,0,0,-648.5953,-16371.16,1062.689,0,0,7372.8,0,0,
19.3599987030029,2.430756,0,0,0.1452713,0,0,0,-694.8785,-16369.26,1090.969,0,0,7372.8,0,0,
19.3799991607666,2.597046,0,0,0.148995,0,0,0,-742.3878,-16367.17,1118.934,0,0,7372.8,0,0,
19.3999996185303,2.767639,0,0,0.1543925,0,0,0,-791.1082,-16364.89,1159.468,0,0,7372.8,0,0,
19.4200000762939,2.944366,0,0,0.1577965,0,0,0,-841.5862,-16362.37,1185.032,0,0,7372.8,0,0,
19.439998626709,3.125,0,0,0.1632414,0,0,0,-893.1688,-16359.64,1225.922,0,0,7372.8,0,0,
19.4599990844727,3.31189,0,0,0.1665375,0,0,0,-946.5219,-16356.64,1250.676,0,0,7372.8,0,0,
19.4799995422363,3.502533,0,0,0.1699929,0,0,0,-1000.942,-16353.4,1276.625,0,0,7372.8,0,0,
19.5,3.697144,0,0,0.1749848,0,0,0,-1056.48,-16349.9,1314.114,0,0,7372.8,0,0,
19.5200004577637,3.897461,0,0,0.1781225,0,0,0,-1113.636,-16346.11,1337.677,0,0,7372.8,0,0,
19.5399990081787,4.101349,0,0,0.1829334,0,0,0,-1171.802,-16342.04,1373.807,0,0,7372.8,0,0,
19.5599994659424,4.310791,0,0,0.1861398,0,0,0,-1231.525,-16337.65,1397.886,0,0,7372.8,0,0,
19.5799999237061,4.523865,0,0,0.1892923,0,0,0,-1292.277,-16332.96,1421.561,0,0,7372.8,0,0,
19.6000003814697,4.74057,0,0,0.1938288,0,0,0,-1354.04,-16327.95,1455.629,0,0,7372.8,0,0,
19.6199989318848,4.962463,0,0,0.1968446,0,0,0,-1417.263,-16322.59,1478.277,0,0,7372.8,0,0,
19.6399993896484,5.187805,0,0,0.2010051,0,0,0,-1481.448,-16316.89,1509.522,0,0,7372.8,0,0,
19.6599998474121,5.417908,0,0,0.2038822,0,0,0,-1546.966,-16310.8,1531.129,0,0,7372.8,0,0,
19.6800003051758,5.651306,0,0,0.2067004,0,0,0,-1613.396,-16304.37,1552.293,0,0,7372.8,0,0,
19.6999988555908,5.887909,0,0,0.210736,0,0,0,-1680.717,-16297.57,1582.601,0,0,7372.8,0,0,
19.7199993133545,6.12915,0,0,0.2134052,0,0,0,-1749.323,-16290.34,1602.646,0,0,7372.8,0,0,
19.7399997711182,6.373474,0,0,0.2172182,0,0,0,-1818.766,-16282.74,1631.281,0,0,7372.8,0,0,
19.7600002288818,6.622131,0,0,0.2197337,0,0,0,-1889.416,-16274.69,1650.172,0,0,7372.8,0,0,
19.7799987792969,6.873688,0,0,0.2220431,0,0,0,-1960.848,-16266.24,1667.516,0,0,7372.8,0,0,
19.7999992370605,7.127869,0,0,0.2255377,0,0,0,-2032.993,-16257.38,1693.759,0,0,7372.8,0,0,
19.8199996948242,7.386047,0,0,0.2277004,0,0,0,-2106.231,-16248.05,1710.001,0,0,7372.8,0,0,
19.8400001525879,7.646729,0,0,0.2310902,0,0,0,-2180.129,-16238.3,1735.458,0,0,7372.8,0,0,
19.8599987030029,7.911255,0,0,0.2332222,0,0,0,-2255.081,-16228.06,1751.469,0,0,7372.8,0,0,
19.8799991607666,8.178253,0,0,0.2351673,0,0,0,-2330.676,-16217.38,1766.077,0,0,7372.8,0,0,
19.8999996185303,8.447449,0,0,0.2380859,0,0,0,-2406.849,-16206.25,1787.994,0,0,7372.8,0,0,
19.9200000762939,8.720001,0,0,0.2398757,0,0,0,-2483.914,-16194.62,1801.436,0,0,7372.8,0,0,
19.939998626709,8.994629,0,0,0.2426531,0,0,0,-2561.502,-16182.53,1822.294,0,0,7372.8,0,0,
19.9599990844727,9.2724,0,0,0.2442809,0,0,0,-2639.927,-16169.92,1834.518,0,0,7372.8,0,0,
19.9799995422363,9.552032,0,0,0.2459418,0,0,0,-2718.817,-16156.84,1846.992,0,0,7372.8,0,0,
20,9.833588,0,0,0.2482551,0,0,0,-2798.177,-16143.29,1864.364,0,0,7372.8,0,0,
20.0200004577637,10.1178,0,0,0.2496543,0,0,0,-2878.215,-16129.21,1874.872,0,0,7372.8,0,0,
20.0399990081787,10.40359,0,0,0.2517125,0,0,0,-2958.633,-16114.65,1890.329,0,0,7372.8,0,0,
20.0599994659424,10.69174,0,0,0.2530223,0,0,0,-3039.639,-16099.57,1900.165,0,0,7372.8,0,0,
20.0799999237061,10.98138,0,0,0.2548155,0,0,0,-3120.99,-16083.99,1913.632,0,0,7372.8,0,0,
20.1000003814697,11.2731,0,0,0.2559439,0,0,0,-3202.836,-16067.9,1922.106,0,0,7372.8,0,0,
20.1199989318848,11.5661,0,0,0.2569385,0,0,0,-3284.961,-16051.31,1929.575,0,0,7372.8,0,0,
20.1399993896484,11.86023,0,0,0.2583607,0,0,0,-3367.319,-16034.23,1940.255,0,0,7372.8,0,0,
20.1599998474121,12.15598,0,0,0.2592356,0,0,0,-3450.043,-16016.64,1946.826,0,0,7372.8,0,0,
20.1800003051758,12.45276,0,0,0.2600355,0,0,0,-3532.956,-15998.55,1952.834,0,0,7372.8,0,0,
20.1999988555908,12.75043,0,0,0.2610754,0,0,0,-3616.028,-15979.98,1960.643,0,0,7372.8,0,0,
20.2199993133545,13.04932,0,0,0.2616894,0,0,0,-3699.335,-15960.9,1965.254,0,0,7372.8,0,0,
20.2399997711182,13.34888,0,0,0.2624548,0,0,0,-3782.737,-15941.34,1971.002,0,0,7372.8,0,0,
20.2600002288818,13.64932,0,0,0.2628587,0,0,0,-3866.278,-15921.29,1974.035,0,0,7372.8,0,0,
20.2799987792969,13.95026,0,0,0.263214,0,0,0,-3949.841,-15900.76,1976.703,0,0,7372.8,0,0,
20.2999992370605,14.25156,0,0,0.2635983,0,0,0,-4033.409,-15879.77,1979.59,0,0,7372.8,0,0,
20.3199996948242,14.55331,0,0,0.2637656,0,0,0,-4116.986,-15858.31,1980.846,0,0,7372.8,0,0,
20.3400001525879,14.85529,0,0,0.2638731,0,0,0,-4200.503,-15836.39,1981.653,0,0,7372.8,0,0,
20.3599987030029,15.15735,0,0,0.263852,0,0,0,-4283.937,-15814.02,1981.495,0,0,7372.8,0,0,
20.3799991607666,15.45941,0,0,0.2637625,0,0,0,-4367.245,-15791.22,1980.823,0,0,7372.8,0,0,
20.3999996185303,15.76135,0,0,0.2634875,0,0,0,-4450.403,-15767.99,1978.757,0,0,7372.8,0,0,
20.4200000762939,16.06299,0,0,0.2632064,0,0,0,-4533.351,-15744.34,1976.646,0,0,7372.8,0,0,
20.439998626709,16.36429,0,0,0.2626549,0,0,0,-4616.085,-15720.28,1972.505,0,0,7372.8,0,0,
20.4599990844727,16.66498,0,0,0.2622157,0,0,0,-4698.519,-15695.84,1969.206,0,0,7372.8,0,0,
20.4799995422363,16.96515,0,0,0.2613952,0,0,0,-4780.686,-15671.01,1963.045,0,0,7372.8,0,0,
20.5,17.26437,0,0,0.2607439,0,0,0,-4862.464,-15645.83,1958.154,0,0,7372.8,0,0,
20.5200004577637,17.56287,0,0,0.2600173,0,0,0,-4943.907,-15620.28,1952.697,0,0,7372.8,0,0,
20.5399990081787,17.86053,0,0,0.2588123,0,0,0,-5024.99,-15594.39,1943.647,0,0,7372.8,0,0,
20.5599994659424,18.1568,0,0,0.2579004,0,0,0,-5105.562,-15568.2,1936.799,0,0,7372.8,0,0,
20.5799999237061,18.45206,0,0,0.2569741,0,0,0,-5185.714,-15541.68,1929.843,0,0,7372.8,0,0,
20.6000003814697,18.74622,0,0,0.2553951,0,0,0,-5265.441,-15514.85,1917.985,0,0,7372.8,0,0,
20.6199989318848,19.0386,0,0,0.2543008,0,0,0,-5344.542,-15487.78,1909.766,0,0,7372.8,0,0,
20.6399993896484,19.32971,0,0,0.2524606,0,0,0,-5423.165,-15460.42,1895.947,0,0,7372.8,0,0,
20.6599998474121,19.61871,0,0,0.2511191,0,0,0,-5501.08,-15432.87,1885.872,0,0,7372.8,0,0,
20.6800003051758,19.90619,0,0,0.249705,0,0,0,-5578.443,-15405.08,1875.253,0,0,7372.8,0,0,
20.6999988555908,20.19205,0,0,0.2474945,0,0,0,-5655.231,-15377.05,1858.652,0,0,7372.8,0,0,
20.7199993133545,20.47537,0,0,0.2459029,0,0,0,-5731.2,-15348.9,1846.7,0,0,7372.8,0,0,
20.7399997711182,20.75687,0,0,0.2434334,0,0,0,-5806.542,-15320.56,1828.154,0,0,7372.8,0,0,
20.7600002288818,21.03555,0,0,0.241773,0,0,0,-5880.989,-15292.14,1815.684,0,0,7372.8,0,0,
20.7799987792969,21.31232,0,0,0.239941,0,0,0,-5954.791,-15263.55,1801.926,0,0,7372.8,0,0,
20.7999992370605,21.58701,0,0,0.237121,0,0,0,-6027.896,-15234.83,1780.748,0,0,7372.8,0,0,
20.8199996948242,21.85846,0,0,0.2351187,0,0,0,-6100.005,-15206.1,1765.711,0,0,7372.8,0,0,
20.8400001525879,22.12759,0,0,0.2320508,0,0,0,-6171.372,-15177.27,1742.672,0,0,7372.8,0,0,
20.8599987030029,22.39325,0,0,0.2298817,0,0,0,-6241.671,-15148.5,1726.382,0,0,7372.8,0,0,
20.8799991607666,22.6564,0,0,0.2277795,0,0,0,-6311.182,-15119.67,1710.595,0,0,7372.8,0,0,
20.8999996185303,22.91718,0,0,0.2243782,0,0,0,-6379.927,-15090.79,1685.052,0,0,7372.8,0,0,
20.9200000762939,23.17401,0,0,0.2219852,0,0,0,-6447.517,-15062.04,1667.08,0,0,7372.8,0,0,
20.939998626709,23.42813,0,0,0.2183496,0,0,0,-6514.257,-15033.29,1639.778,0,0,7372.8,0,0,
20.9599990844727,23.6781,0,0,0.2159511,0,0,0,-6579.779,-15004.73,1621.765,0,0,7372.8,0,0,
20.9799995422363,23.92532,0,0,0.2133421,0,0,0,-6644.458,-14976.2,1602.172,0,0,7372.8,0,0,
21,24.16956,0,0,0.2093935,0,0,0,-6708.236,-14947.74,1572.519,0,0,7372.8,0,0,
21.0200004577637,24.40924,0,0,0.2066337,0,0,0,-6770.713,-14919.55,1551.792,0,0,7372.8,0,0,
21.0399990081787,24.64581,0,0,0.2024667,0,0,0,-6832.25,-14891.47,1520.499,0,0,7372.8,0,0,
21.0599994659424,24.87756,0,0,0.1997333,0,0,0,-6892.436,-14863.71,1499.972,0,0,7372.8,0,0,
21.0799999237061,25.10623,0,0,0.1967731,0,0,0,-6951.697,-14836.08,1477.74,0,0,7372.8,0,0,
21.1000003814697,25.33148,0,0,0.1923167,0,0,0,-7009.97,-14808.64,1444.274,0,0,7372.8,0,0,
21.1199989318848,25.55164,0,0,0.1892175,0,0,0,-7066.82,-14781.59,1420.999,0,0,7372.8,0,0,
21.1399993896484,25.76825,0,0,0.1845609,0,0,0,-7122.652,-14754.77,1386.028,0,0,7372.8,0,0,
21.1599998474121,25.97952,0,0,0.1815199,0,0,0,-7177.012,-14728.41,1363.191,0,0,7372.8,0,0,
21.1800003051758,26.18732,0,0,0.1782379,0,0,0,-7230.381,-14702.28,1338.544,0,0,7372.8,0,0,
21.1999988555908,26.39139,0,0,0.1731192,0,0,0,-7282.694,-14676.44,1300.103,0,0,7372.8,0,0,
21.2199993133545,26.58957,0,0,0.1699108,0,0,0,-7333.416,-14651.16,1276.008,0,0,7372.8,0,0,
21.2399997711182,26.78406,0,0,0.1648109,0,0,0,-7383.111,-14626.18,1237.709,0,0,7372.8,0,0,
21.2600002288818,26.97272,0,0,0.161284,0,0,0,-7431.233,-14601.79,1211.222,0,0,7372.8,0,0,
21.2799987792969,27.15738,0,0,0.1579219,0,0,0,-7478.247,-14577.77,1185.973,0,0,7372.8,0,0,
21.2999992370605,27.33813,0,0,0.152588,0,0,0,-7524.207,-14554.1,1145.917,0,0,7372.8,0,0,
21.3199996948242,27.51282,0,0,0.1489064,0,0,0,-7568.543,-14531.09,1118.268,0,0,7372.8,0,0,
21.3400001525879,27.68329,0,0,0.1434142,0,0,0,-7611.741,-14508.51,1077.022,0,0,7372.8,0,0,
21.3599987030029,27.84747,0,0,0.1396282,0,0,0,-7653.283,-14486.64,1048.59,0,0,7372.8,0,0,
21.3799991607666,28.00732,0,0,0.1360279,0,0,0,-7693.668,-14465.23,1021.552,0,0,7372.8,0,0,
21.3999996185303,28.16302,0,0,0.1303332,0,0,0,-7732.954,-14444.27,978.7858,0,0,7372.8,0,0,
21.4200000762939,28.31223,0,0,0.1264141,0,0,0,-7770.541,-14424.08,949.3536,0,0,7372.8,0,0,
21.439998626709,28.45694,0,0,0.1205846,0,0,0,-7806.95,-14404.41,905.5748,0,0,7372.8,0,0,
21.4599990844727,28.595,0,0,0.1165773,0,0,0,-7841.631,-14385.56,875.4803,0,0,7372.8,0,0,
21.4799995422363,28.72845,0,0,0.1127749,0,0,0,-7875.117,-14367.25,846.9248,0,0,7372.8,0,0,
21.5,28.85754,0,0,0.1067762,0,0,0,-7907.47,-14349.47,801.8754,0,0,7372.8,0,0,
21.5200004577637,28.97977,0,0,0.1026587,0,0,0,-7938.063,-14332.57,770.954,0,0,7372.8,0,0,
21.5399990081787,29.09732,0,0,0.09655009,0,0,0,-7967.444,-14316.26,725.0789,0,0,7372.8,0,0,
21.5599994659424,29.20782,0,0,0.09236155,0,0,0,-7995.049,-14300.86,693.6234,0,0,7372.8,0,0,
21.5799999237061,29.31357,0,0,0.08839495,0,0,0,-8021.425,-14286.08,663.8348,0,0,7372.8,0,0,
21.6000003814697,29.41476,0,0,0.08215223,0,0,0,-8046.643,-14271.9,616.9528,0,0,7372.8,0,0,
21.6199989318848,29.50879,0,0,0.07787764,0,0,0,-8070.058,-14258.67,584.8511,0,0,7372.8,0,0,
21.6399993896484,29.59796,0,0,0.07155091,0,0,0,-8092.235,-14246.09,537.3382,0,0,7372.8,0,0,
21.6599998474121,29.67987,0,0,0.06747809,0,0,0,-8112.593,-14234.51,506.7518,0,0,7372.8,0,0,
21.6800003051758,29.75711,0,0,0.06313183,0,0,0,-8131.777,-14223.56,474.112,0,0,7372.8,0,0,
21.6999988555908,29.82938,0,0,0.05670746,0,0,0,-8149.712,-14213.29,425.8658,0,0,7372.8,0,0,
21.7199993133545,29.89429,0,0,0.05231842,0,0,0,-8165.81,-14204.05,392.9047,0,0,7372.8,0,0,
21.7399997711182,29.95419,0,0,0.04583681,0,0,0,-8180.653,-14195.51,344.2286,0,0,7372.8,0,0,
21.7600002288818,30.00665,0,0,0.04141273,0,0,0,-8193.65,-14188.01,311.0043,0,0,7372.8,0,0,
21.7799987792969,30.05408,0,0,0.03723792,0,0,0,-8205.387,-14181.22,279.652,0,0,7372.8,0,0,
21.7999992370605,30.09671,0,0,0.03069608,0,0,0,-8215.936,-14175.11,230.5236,0,0,7372.8,0,0,
21.8199996948242,30.13184,0,0,0.02623645,0,0,0,-8224.628,-14170.07,197.0324,0,0,7372.8,0,0,
21.8400001525879,30.16187,0,0,0.01966472,0,0,0,-8232.053,-14165.76,147.6796,0,0,7372.8,0,0,
21.8599987030029,30.18439,0,0,0.01518871,0,0,0,-8237.618,-14162.52,114.0653,0,0,7372.8,0,0,
21.8799991607666,30.20178,0,0,0.01097193,0,0,0,-8241.916,-14160.02,82.39783,0,0,7372.8,0,0,
21.8999996185303,30.21432,0,0,0.004377997,0,0,0,-8245.021,-14158.22,32.8782,0,0,7372.8,0,0,
21.9200000762939,30.21933,0,0,-0.0001076667,0,0,0,-8246.26,-14157.5,-0.8085632,0,0,7372.8,0,0,
21.939998626709,30.21921,0,0,-0.006703846,0,0,0,-8246.229,-14157.51,-50.34502,0,0,7372.8,0,0,
21.9599990844727,30.21155,0,0,-0.01118708,0,0,0,-8244.332,-14158.62,-84.01353,0,0,7372.8,0,0,
21.9799995422363,30.19873,0,0,-0.01540368,0,0,0,-8241.167,-14160.46,-115.6797,0,0,7372.8,0,0,
22,30.18109,0,0,-0.02224676,0,0,0,-8236.808,-14163,-167.0703,0,0,7372.8,0,0,
22.0200004577637,30.15564,0,0,-0.02645071,0,0,0,-8230.513,-14166.66,-198.6414,0,0,7372.8,0,0,
22.0399990081787,30.12537,0,0,-0.03300543,0,0,0,-8223.023,-14171,-247.8666,0,0,7372.8,0,0,
22.0599994659424,30.08755,0,0,-0.03745108,0,0,0,-8213.676,-14176.42,-281.2529,0,0,7372.8,0,0,
22.0799999237061,30.04468,0,0,-0.04162538,0,0,0,-8203.065,-14182.57,-312.6013,0,0,7372.8,0,0,
22.1000003814697,29.99704,0,0,-0.048126,0,0,0,-8191.268,-14189.38,-361.4201,0,0,7372.8,0,0,
22.1199989318848,29.94196,0,0,-0.05252946,0,0,0,-8177.619,-14197.25,-394.4896,0,0,7372.8,0,0,
22.1399993896484,29.88181,0,0,-0.05923439,0,0,0,-8162.714,-14205.83,-444.8427,0,0,7372.8,0,0,
22.1599998474121,29.814,0,0,-0.06334089,0,0,0,-8145.895,-14215.48,-475.682,0,0,7372.8,0,0,
22.1800003051758,29.74149,0,0,-0.06768624,0,0,0,-8127.897,-14225.78,-508.315,0,0,7372.8,0,0,
22.1999988555908,29.664,0,0,-0.07378725,0,0,0,-8108.651,-14236.76,-554.1328,0,0,7372.8,0,0,
22.2199993133545,29.57953,0,0,-0.07808329,0,0,0,-8087.655,-14248.7,-586.3956,0,0,7372.8,0,0,
22.2399997711182,29.49014,0,0,-0.0843597,0,0,0,-8065.415,-14261.29,-633.5306,0,0,7372.8,0,0,
22.2600002288818,29.39355,0,0,-0.08859776,0,0,0,-8041.366,-14274.87,-665.3578,0,0,7372.8,0,0,
22.2799987792969,29.29214,0,0,-0.09256316,0,0,0,-8016.083,-14289.08,-695.1375,0,0,7372.8,0,0,
22.2999992370605,29.18619,0,0,-0.0987113,0,0,0,-7989.643,-14303.88,-741.3093,0,0,7372.8,0,0,
22.3199996948242,29.07318,0,0,-0.102857,0,0,0,-7961.417,-14319.61,-772.443,0,0,7372.8,0,0,
22.3400001525879,28.95544,0,0,-0.1091396,0,0,0,-7931.971,-14335.94,-819.6246,0,0,7372.8,0,0,
22.3599987030029,28.83051,0,0,-0.1129694,0,0,0,-7900.692,-14353.21,-848.3861,0,0,7372.8,0,0,
22.3799991607666,28.70117,0,0,-0.1167703,0,0,0,-7868.275,-14371,-876.9304,0,0,7372.8,0,0,
22.3999996185303,28.5675,0,0,-0.1226491,0,0,0,-7834.726,-14389.32,-921.0788,0,0,7372.8,0,0,
22.4200000762939,28.42709,0,0,-0.126603,0,0,0,-7799.44,-14408.48,-950.7724,0,0,7372.8,0,0,
22.439998626709,28.28217,0,0,-0.1323509,0,0,0,-7762.969,-14428.16,-993.9382,0,0,7372.8,0,0,
22.4599990844727,28.13065,0,0,-0.1362124,0,0,0,-7724.789,-14448.64,-1022.938,0,0,7372.8,0,0,
22.4799995422363,27.9747,0,0,-0.1398108,0,0,0,-7685.437,-14469.61,-1049.961,0,0,7372.8,0,0,
22.5,27.81467,0,0,-0.1453613,0,0,0,-7644.988,-14491.02,-1091.645,0,0,7372.8,0,0,
22.519998550415,27.64825,0,0,-0.149084,0,0,0,-7602.87,-14513.16,-1119.602,0,0,7372.8,0,0,
22.5399990081787,27.4776,0,0,-0.15448,0,0,0,-7559.605,-14535.74,-1160.125,0,0,7372.8,0,0,
22.5599994659424,27.30075,0,0,-0.1580943,0,0,0,-7514.705,-14559.01,-1187.268,0,0,7372.8,0,0,
22.5799999237061,27.11978,0,0,-0.1614543,0,0,0,-7468.68,-14582.67,-1212.501,0,0,7372.8,0,0,
22.6000003814697,26.93494,0,0,-0.1668257,0,0,0,-7421.599,-14606.69,-1252.84,0,0,7372.8,0,0,
22.6199989318848,26.74396,0,0,-0.1700754,0,0,0,-7372.872,-14631.34,-1277.245,0,0,7372.8,0,0,
22.6399993896484,26.54926,0,0,-0.1750656,0,0,0,-7323.11,-14656.31,-1314.72,0,0,7372.8,0,0,
22.6599998474121,26.34885,0,0,-0.1783966,0,0,0,-7271.799,-14681.84,-1339.736,0,0,7372.8,0,0,
22.6800003051758,26.14462,0,0,-0.1814846,0,0,0,-7219.422,-14707.67,-1362.926,0,0,7372.8,0,0,
22.6999988555908,25.93686,0,0,-0.1862163,0,0,0,-7166.044,-14733.75,-1398.46,0,0,7372.8,0,0,
22.7199993133545,25.72369,0,0,-0.1893675,0,0,0,-7111.176,-14760.31,-1422.126,0,0,7372.8,0,0,
22.7399997711182,25.5069,0,0,-0.193902,0,0,0,-7055.279,-14787.11,-1456.179,0,0,7372.8,0,0,
22.7600002288818,25.28494,0,0,-0.1969164,0,0,0,-6997.939,-14814.33,-1478.817,0,0,7372.8,0,0,
22.7799987792969,25.05951,0,0,-0.1997015,0,0,0,-6939.6,-14841.75,-1499.733,0,0,7372.8,0,0,
22.7999992370605,24.8309,0,0,-0.2039507,0,0,0,-6880.326,-14869.32,-1531.644,0,0,7372.8,0,0,
22.8199996948242,24.59744,0,0,-0.2067675,0,0,0,-6819.677,-14897.23,-1552.797,0,0,7372.8,0,0,
22.8400001525879,24.36072,0,0,-0.210801,0,0,0,-6758.076,-14925.28,-1583.089,0,0,7372.8,0,0,
22.8599987030029,24.11942,0,0,-0.2134687,0,0,0,-6695.152,-14953.61,-1603.123,0,0,7372.8,0,0,
22.8799991607666,23.87503,0,0,-0.2160748,0,0,0,-6631.313,-14982.03,-1622.694,0,0,7372.8,0,0,
22.8999996185303,23.62769,0,0,-0.2196474,0,0,0,-6566.572,-15010.52,-1649.524,0,0,7372.8,0,0,
22.9200000762939,23.37622,0,0,-0.2222439,0,0,0,-6500.634,-15039.19,-1669.024,0,0,7372.8,0,0,
22.939998626709,23.12183,0,0,-0.2255939,0,0,0,-6433.791,-15067.91,-1694.181,0,0,7372.8,0,0,
22.9599990844727,22.86356,0,0,-0.2278882,0,0,0,-6365.808,-15096.75,-1711.411,0,0,7372.8,0,0,
22.9799995422363,22.60269,0,0,-0.2299874,0,0,0,-6297.003,-15125.58,-1727.176,0,0,7372.8,0,0,
23,22.33939,0,0,-0.2331494,0,0,0,-6227.433,-15154.36,-1750.922,0,0,7372.8,0,0,
23.019998550415,22.07251,0,0,-0.2352165,0,0,0,-6156.771,-15183.2,-1766.446,0,0,7372.8,0,0,
23.0399990081787,21.80322,0,0,-0.2382461,0,0,0,-6085.349,-15211.97,-1789.198,0,0,7372.8,0,0,
23.0599994659424,21.53049,0,0,-0.2400306,0,0,0,-6012.868,-15240.76,-1802.599,0,0,7372.8,0,0,
23.0799999237061,21.25571,0,0,-0.2418592,0,0,0,-5939.708,-15269.42,-1816.332,0,0,7372.8,0,0,
23.1000003814697,20.97885,0,0,-0.2444214,0,0,0,-5865.852,-15297.95,-1835.573,0,0,7372.8,0,0,
23.1199989318848,20.69904,0,0,-0.245981,0,0,0,-5791.074,-15326.41,-1847.286,0,0,7372.8,0,0,
23.1399993896484,20.41745,0,0,-0.248381,0,0,0,-5715.679,-15354.69,-1865.31,0,0,7372.8,0,0,
23.1599998474121,20.13309,0,0,-0.2497746,0,0,0,-5639.409,-15382.86,-1875.775,0,0,7372.8,0,0,
23.1800003051758,19.84717,0,0,-0.2511852,0,0,0,-5562.571,-15410.82,-1886.369,0,0,7372.8,0,0,
23.1999988555908,19.55963,0,0,-0.253053,0,0,0,-5485.159,-15438.54,-1900.396,0,0,7372.8,0,0,
23.2199993133545,19.26993,0,0,-0.2542879,0,0,0,-5407.032,-15466.07,-1909.669,0,0,7372.8,0,0,
23.2399997711182,18.97882,0,0,-0.2560343,0,0,0,-5328.384,-15493.35,-1922.785,0,0,7372.8,0,0,
23.2600002288818,18.68573,0,0,-0.257023,0,0,0,-5249.058,-15520.4,-1930.21,0,0,7372.8,0,0,
23.2799987792969,18.39148,0,0,-0.2580014,0,0,0,-5169.287,-15547.15,-1937.558,0,0,7372.8,0,0,
23.2999992370605,18.09613,0,0,-0.2593048,0,0,0,-5089.074,-15573.59,-1947.346,0,0,7372.8,0,0,
23.3199996948242,17.79929,0,0,-0.2600539,0,0,0,-5008.321,-15599.75,-1952.972,0,0,7372.8,0,0,
23.3400001525879,17.50159,0,0,-0.2610911,0,0,0,-4927.2,-15625.56,-1960.761,0,0,7372.8,0,0,
23.3599987030029,17.2027,0,0,-0.2617033,0,0,0,-4845.621,-15651.05,-1965.358,0,0,7372.8,0,0,
23.3799991607666,16.90311,0,0,-0.2622398,0,0,0,-4763.718,-15676.17,-1969.387,0,0,7372.8,0,0,
23.3999996185303,16.60291,0,0,-0.2628911,0,0,0,-4681.516,-15700.92,-1974.278,0,0,7372.8,0,0,
23.4200000762939,16.30197,0,0,-0.2632217,0,0,0,-4598.982,-15725.29,-1976.761,0,0,7372.8,0,0,
23.439998626709,16.00064,0,0,-0.2636033,0,0,0,-4516.217,-15749.26,-1979.627,0,0,7372.8,0,0,
23.4599990844727,15.69885,0,0,-0.2637687,0,0,0,-4433.206,-15772.83,-1980.869,0,0,7372.8,0,0,
23.4799995422363,15.39691,0,0,-0.2638548,0,0,0,-4350.021,-15795.97,-1981.516,0,0,7372.8,0,0,
23.5,15.09485,0,0,-0.2638505,0,0,0,-4266.687,-15818.69,-1981.484,0,0,7372.8,0,0,
23.519998550415,14.79282,0,0,-0.2637514,0,0,0,-4183.236,-15840.96,-1980.739,0,0,7372.8,0,0,
23.5399990081787,14.49088,0,0,-0.263467,0,0,0,-4099.701,-15862.78,-1978.604,0,0,7372.8,0,0,
23.5599994659424,14.18927,0,0,-0.2631986,0,0,0,-4016.141,-15884.15,-1976.588,0,0,7372.8,0,0,
23.5799999237061,13.88797,0,0,-0.2628396,0,0,0,-3932.557,-15905.04,-1973.892,0,0,7372.8,0,0,
23.6000003814697,13.58707,0,0,-0.2621737,0,0,0,-3848.977,-15925.48,-1968.891,0,0,7372.8,0,0,
23.6199989318848,13.28696,0,0,-0.2616273,0,0,0,-3765.504,-15945.42,-1964.788,0,0,7372.8,0,0,
23.6399993896484,12.98746,0,0,-0.2606864,0,0,0,-3682.101,-15964.89,-1957.722,0,0,7372.8,0,0,
23.6599998474121,12.68903,0,0,-0.2599987,0,0,0,-3598.898,-15983.85,-1952.557,0,0,7372.8,0,0,
23.6800003051758,12.39139,0,0,-0.2591951,0,0,0,-3515.817,-16002.33,-1946.522,0,0,7372.8,0,0,
23.6999988555908,12.09467,0,0,-0.2579331,0,0,0,-3432.899,-16020.32,-1937.045,0,0,7372.8,0,0,
23.7199993133545,11.79938,0,0,-0.2569493,0,0,0,-3350.293,-16037.8,-1929.657,0,0,7372.8,0,0,
23.7399997711182,11.50525,0,0,-0.2553011,0,0,0,-3267.914,-16054.79,-1917.279,0,0,7372.8,0,0,
23.7600002288818,11.21298,0,0,-0.254201,0,0,0,-3185.978,-16071.25,-1909.017,0,0,7372.8,0,0,
23.7799987792969,10.922,0,0,-0.2529608,0,0,0,-3104.312,-16087.22,-1899.703,0,0,7372.8,0,0,
23.7999992370605,10.63242,0,0,-0.2510043,0,0,0,-3022.966,-16102.71,-1885.01,0,0,7372.8,0,0,
23.8199996948242,10.34506,0,0,-0.2495842,0,0,0,-2942.172,-16117.66,-1874.346,0,0,7372.8,0,0,
23.8400001525879,10.05936,0,0,-0.2474567,0,0,0,-2861.762,-16132.13,-1858.368,0,0,7372.8,0,0,
23.8599987030029,9.776062,0,0,-0.2458633,0,0,0,-2781.967,-16146.09,-1846.402,0,0,7372.8,0,0,
23.8799991607666,9.494598,0,0,-0.2441989,0,0,0,-2702.618,-16159.56,-1833.903,0,0,7372.8,0,0,
23.8999996185303,9.215057,0,0,-0.2416233,0,0,0,-2623.743,-16172.55,-1814.56,0,0,7372.8,0,0,
23.9200000762939,8.938446,0,0,-0.2397854,0,0,0,-2545.637,-16185.03,-1800.758,0,0,7372.8,0,0,
23.939998626709,8.66394,0,0,-0.237073,0,0,0,-2468.067,-16197.04,-1780.388,0,0,7372.8,0,0,
23.9599990844727,8.392548,0,0,-0.235069,0,0,0,-2391.319,-16208.55,-1765.338,0,0,7372.8,0,0,
23.9799995422363,8.123444,0,0,-0.2329971,0,0,0,-2315.167,-16219.6,-1749.778,0,0,7372.8,0,0,
24,7.85672,0,0,-0.229828,0,0,0,-2239.635,-16230.2,-1725.979,0,0,7372.8,0,0,
24.019998550415,7.593628,0,0,-0.2275908,0,0,0,-2165.083,-16240.32,-1709.178,0,0,7372.8,0,0,
24.0399990081787,7.333099,0,0,-0.2243206,0,0,0,-2091.212,-16249.99,-1684.619,0,0,7372.8,0,0,
24.0599994659424,7.076294,0,0,-0.2219259,0,0,0,-2018.36,-16259.2,-1666.635,0,0,7372.8,0,0,
24.0799999237061,6.822235,0,0,-0.2194671,0,0,0,-1946.246,-16267.99,-1648.17,0,0,7372.8,0,0,
24.1000003814697,6.571014,0,0,-0.2157362,0,0,0,-1874.893,-16276.37,-1620.152,0,0,7372.8,0,0,
24.1199989318848,6.324036,0,0,-0.2132776,0,0,0,-1804.718,-16284.3,-1601.688,0,0,7372.8,0,0,
24.1399993896484,6.079895,0,0,-0.2093269,0,0,0,-1735.31,-16291.84,-1572.018,0,0,7372.8,0,0,
24.1599998474121,5.84024,0,0,-0.2065655,0,0,0,-1667.156,-16298.96,-1551.28,0,0,7372.8,0,0,
24.1800003051758,5.60379,0,0,-0.2037444,0,0,0,-1599.874,-16305.7,-1530.094,0,0,7372.8,0,0,
24.1999988555908,5.370544,0,0,-0.1996616,0,0,0,-1533.484,-16312.08,-1499.433,0,0,7372.8,0,0,
24.2199993133545,5.141968,0,0,-0.1965239,0,0,0,-1468.399,-16318.07,-1475.87,0,0,7372.8,0,0,
24.2399997711182,4.916992,0,0,-0.1920607,0,0,0,-1404.314,-16323.71,-1442.351,0,0,7372.8,0,0,
24.2600002288818,4.697144,0,0,-0.1889569,0,0,0,-1341.663,-16328.97,-1419.042,0,0,7372.8,0,0,
24.2799987792969,4.480835,0,0,-0.1859858,0,0,0,-1280.006,-16333.92,-1396.73,0,0,7372.8,0,0,
24.2999992370605,4.267914,0,0,-0.1814402,0,0,0,-1219.301,-16338.57,-1362.593,0,0,7372.8,0,0,
24.3199996948242,4.060211,0,0,-0.1779622,0,0,0,-1160.063,-16342.88,-1336.473,0,0,7372.8,0,0,
24.3400001525879,3.856476,0,0,-0.1730363,0,0,0,-1101.945,-16346.9,-1299.48,0,0,7372.8,0,0,
24.3599987030029,3.658386,0,0,-0.1696247,0,0,0,-1045.423,-16350.61,-1273.86,0,0,7372.8,0,0,
24.3799991607666,3.464203,0,0,-0.166369,0,0,0,-990.0035,-16354.06,-1249.41,0,0,7372.8,0,0,
24.3999996185303,3.273743,0,0,-0.1611971,0,0,0,-935.6364,-16357.26,-1210.569,0,0,7372.8,0,0,
24.4200000762939,3.089233,0,0,-0.1576223,0,0,0,-882.9496,-16360.19,-1183.724,0,0,7372.8,0,0,
24.439998626709,2.908783,0,0,-0.152283,0,0,0,-831.4222,-16362.89,-1143.626,0,0,7372.8,0,0,
24.4599990844727,2.734436,0,0,-0.1488157,0,0,0,-781.6325,-16365.34,-1117.587,0,0,7372.8,0,0,
24.4799995422363,2.564087,0,0,-0.1450899,0,0,0,-732.9694,-16367.6,-1089.606,0,0,7372.8,0,0,
24.5,2.39801,0,0,-0.1397588,0,0,0,-685.5185,-16369.65,-1049.571,0,0,7372.8,0,0,
24.519998550415,2.238007,0,0,-0.1359337,0,0,0,-639.8054,-16371.5,-1020.845,0,0,7372.8,0,0,
24.5399990081787,2.082397,0,0,-0.1300081,0,0,0,-595.3389,-16373.18,-976.3441,0,0,7372.8,0,0,
24.5599994659424,1.933563,0,0,-0.1263176,0,0,0,-552.8066,-16374.67,-948.6293,0,0,7372.8,0,0,
24.5799999237061,1.788971,0,0,-0.122361,0,0,0,-511.4781,-16376.01,-918.9157,0,0,7372.8,0,0,
24.6000003814697,1.648895,0,0,-0.1164786,0,0,0,-471.4409,-16377.22,-874.7396,0,0,7372.8,0,0,
24.6199989318848,1.515533,0,0,-0.1126755,0,0,0,-433.3259,-16378.27,-846.1788,0,0,7372.8,0,0,
24.6399993896484,1.386566,0,0,-0.1066757,0,0,0,-396.4532,-16379.2,-801.1208,0,0,7372.8,0,0,
24.6599998474121,1.264435,0,0,-0.1025575,0,0,0,-361.5421,-16380.01,-770.1934,0,0,7372.8,0,0,
24.6800003051758,1.147034,0,0,-0.09865446,0,0,0,-327.9771,-16380.72,-740.8824,0,0,7372.8,0,0,
24.6999988555908,1.034088,0,0,-0.09225861,0,0,0,-295.6881,-16381.33,-692.8504,0,0,7372.8,0,0,
24.7199993133545,0.9284668,0,0,-0.08829148,0,0,0,-265.4915,-16381.85,-663.0577,0,0,7372.8,0,0,
24.7399997711182,0.8273926,0,0,-0.08204788,0,0,0,-236.5924,-16382.29,-616.1691,0,0,7372.8,0,0,
24.7600002288818,0.73349,0,0,-0.07777266,0,0,0,-209.7363,-16382.66,-584.0627,0,0,7372.8,0,0,
24.7799987792969,0.6444397,0,0,-0.07347497,0,0,0,-184.2792,-16382.96,-551.7876,0,0,7372.8,0,0,
24.7999992370605,0.5603333,0,0,-0.06711666,0,0,0,-160.2283,-16383.22,-504.0376,0,0,7372.8,0,0,
24.8199996948242,0.48349,0,0,-0.06302515,0,0,0,-138.2584,-16383.42,-473.3108,0,0,7372.8,0,0,
24.8400001525879,0.4113464,0,0,-0.05660015,0,0,0,-117.6276,-16383.58,-425.0599,0,0,7372.8,0,0,
24.8599987030029,0.3465576,0,0,-0.051952,0,0,0,-99.09978,-16383.7,-390.1529,0,0,7372.8,0,0,
24.8799991607666,0.2870789,0,0,-0.04780621,0,0,0,-82.09344,-16383.79,-359.0186,0,0,7372.8,0,0,
24.8999996185303,0.2323608,0,0,-0.04130422,0,0,0,-66.44411,-16383.87,-310.1894,0,0,7372.8,0,0,
24.9200000762939,0.1850891,0,0,-0.03686783,0,0,0,-52.92318,-16383.91,-276.8727,0,0,7372.8,0,0,
24.939998626709,0.1428833,0,0,-0.0303248,0,0,0,-40.85445,-16383.95,-227.7354,0,0,7372.8,0,0,
24.9599990844727,0.1081543,0,0,-0.02612712,0,0,0,-30.92758,-16383.97,-196.2113,0,0,7372.8,0,0,
24.9799995422363,0.07824707,0,0,-0.02192276,0,0,0,-22.37481,-16383.98,-164.6371,0,0,7372.8,0,0,
25,0.05316162,0,0,-0.01507908,0,0,0,-15.19835,-16383.99,-113.242,0,0,7372.8,0,0,
25.019998550415,0.03588867,0,0,-0.01086229,0,0,0,-10.26218,-16384,-81.57437,0,0,7372.8,0,0,
